$energy      SCF               SCFKIN            SCFPOT
     1 -851.5839242274      790.6039196304     -1642.187843858
     2 -851.5839243930      790.6040556887     -1642.187980082
     3 -851.5860181238      790.7036624917     -1642.289680615
     4 -851.5865295914      790.7288368975     -1642.315366489
     5 -851.5868294395      790.7031519688     -1642.289981408
     6 -851.5873553391      790.6805381918     -1642.267893531
     7 -851.5876633828      790.7050712647     -1642.292734648
     8 -851.5877320160      790.7082636962     -1642.295995712
     9 -851.5877658908      790.7029628638     -1642.290728755
    10 -851.5877983834      790.7002671645     -1642.288065548
    11 -851.5878090480      790.6992539204     -1642.287062968
    12 -851.5878159964      790.6976193514     -1642.285435348
    13 -851.5878247931      790.6954661346     -1642.283290928
    14 -851.5878358590      790.6930936768     -1642.280929536
    15 -851.5879032679      790.6922379409     -1642.280141209
    16 -851.5887711636      790.7105369725     -1642.299308136
    17 -851.5890289556      790.6918325935     -1642.280861549
    18 -851.5897272060      790.6732210394     -1642.262948245
    19 -851.5901236828      790.6588360944     -1642.248959777
    20 -851.5907388640      790.6517290496     -1642.242467914
    21 -851.5910282661      790.6533674809     -1642.244395747
    22 -851.5914999869      790.6508886035     -1642.242388590
    23 -851.5921971742      790.6666992556     -1642.258896430
    24 -851.5924117628      790.6772885673     -1642.269700330
    25 -851.5925384241      790.6882124757     -1642.280750900
    26 -851.5926599518      790.6942800928     -1642.286940045
    27 -851.5927202788      790.6962515918     -1642.288971871
    28 -851.5927603945      790.6949443430     -1642.287704737
    29 -851.5928008322      790.6944819768     -1642.287282809
    30 -851.5928109031      790.6951700801     -1642.287980983
    31 -851.5928198839      790.6942575978     -1642.287077482
    32 -851.5928279104      790.6922530465     -1642.285080957
    33 -851.5928337953      790.6887159853     -1642.281549781
    34 -851.5928369437      790.6856828438     -1642.278519787
    35 -851.5928355645      790.6842077384     -1642.277043303
$end
