$optinfo internal
 gdiistep   on
 trostep    off
 calchess   off
 iteration  34
 ndiis       6
 itrvec      0
 tradius    1.500000000000E-01
 actrad     6.603677377694E-02
 energyo   -8.515928369437E+02
 predengy  -4.234822236329E-04
 trnvec
  0.000000000000D+00  0.000000000000D+00  0.000000000000D+00
  0.000000000000D+00  0.000000000000D+00  0.000000000000D+00
  0.000000000000D+00  0.000000000000D+00  0.000000000000D+00
  0.000000000000D+00  0.000000000000D+00  0.000000000000D+00
  0.000000000000D+00  0.000000000000D+00  0.000000000000D+00
  0.000000000000D+00  0.000000000000D+00  0.000000000000D+00
  0.000000000000D+00  0.000000000000D+00  0.000000000000D+00
  0.000000000000D+00  0.000000000000D+00  0.000000000000D+00
  0.000000000000D+00  0.000000000000D+00  0.000000000000D+00
  0.000000000000D+00  0.000000000000D+00  0.000000000000D+00
  0.000000000000D+00  0.000000000000D+00  0.000000000000D+00
  0.000000000000D+00  0.000000000000D+00  0.000000000000D+00
  0.000000000000D+00  0.000000000000D+00  0.000000000000D+00
  0.000000000000D+00  0.000000000000D+00  0.000000000000D+00
  0.000000000000D+00  0.000000000000D+00  0.000000000000D+00
  0.000000000000D+00  0.000000000000D+00  0.000000000000D+00
  0.000000000000D+00  0.000000000000D+00  0.000000000000D+00
  0.000000000000D+00  0.000000000000D+00  0.000000000000D+00
  0.000000000000D+00  0.000000000000D+00  0.000000000000D+00
  0.000000000000D+00  0.000000000000D+00  0.000000000000D+00
  0.000000000000D+00  0.000000000000D+00  0.000000000000D+00
  0.000000000000D+00  0.000000000000D+00  0.000000000000D+00
  0.000000000000D+00  0.000000000000D+00  0.000000000000D+00
  0.000000000000D+00  0.000000000000D+00  0.000000000000D+00
  0.000000000000D+00  0.000000000000D+00  0.000000000000D+00
  0.000000000000D+00  0.000000000000D+00  0.000000000000D+00
  0.000000000000D+00  0.000000000000D+00  0.000000000000D+00
  0.000000000000D+00  0.000000000000D+00  0.000000000000D+00
  0.000000000000D+00  0.000000000000D+00  0.000000000000D+00
  0.000000000000D+00  0.000000000000D+00  0.000000000000D+00
  0.000000000000D+00  0.000000000000D+00  0.000000000000D+00
  0.000000000000D+00  0.000000000000D+00  0.000000000000D+00
  0.000000000000D+00  0.000000000000D+00  0.000000000000D+00
  0.000000000000D+00  0.000000000000D+00  0.000000000000D+00
  0.000000000000D+00  0.000000000000D+00  0.000000000000D+00
  0.000000000000D+00  0.000000000000D+00  0.000000000000D+00
  0.000000000000D+00  0.000000000000D+00  0.000000000000D+00
  0.000000000000D+00  0.000000000000D+00  0.000000000000D+00
  0.000000000000D+00  0.000000000000D+00  0.000000000000D+00
  0.000000000000D+00  0.000000000000D+00  0.000000000000D+00
  0.000000000000D+00  0.000000000000D+00  0.000000000000D+00
  0.000000000000D+00  0.000000000000D+00  0.000000000000D+00
 displ
  0.133561172713D-04 -0.242414465519D-03 -0.202191464806D-03
 -0.381741271385D-04  0.110026608200D-02  0.614558202550D-06
  0.363946674158D-04 -0.155969911616D-03 -0.206930120827D-03
  0.971935511007D-05 -0.271966037883D-04 -0.228755608784D-03
 -0.299544349014D-05 -0.496356298307D-03 -0.182167678610D-03
 -0.177313224792D-04  0.413223872265D-03 -0.226147691201D-03
 -0.292079720086D-04 -0.618459373744D-04 -0.122985217679D-03
 -0.122360745256D-04 -0.451288632083D-03 -0.180800608155D-03
  0.238395770138D-04  0.100851790580D-02  0.783598276177D-05
  0.460625684142D-04 -0.249756722051D-03  0.745730743787D-04
  0.286316249154D-05  0.131764411611D-04  0.336855756833D-03
 -0.327988832032D-04  0.999873906917D-03 -0.538904706970D-04
  0.880167943063D-05 -0.573201164527D-04 -0.186125819155D-03
  0.172819330260D-04 -0.141806484885D-03 -0.268092666546D-03
  0.275742236822D-04  0.869731832146D-03  0.174705367995D-03
  0.445849600861D-04 -0.250518828749D-03  0.643689381743D-04
 -0.346171019725D-04 -0.878215878992D-04  0.869067931619D-04
 -0.173090873026D-04  0.393727883666D-03 -0.121194777476D-03
  0.357913492817D-04 -0.257870641219D-04 -0.234239308008D-03
 -0.289078272875D-05  0.506526393097D-04  0.401286982569D-03
  0.970396419833D-04  0.810173965903D-03  0.240208735200D-03
  0.226243848441D-03 -0.138972921375D-03 -0.249075300889D-03
 -0.138020070601D-03 -0.783062553915D-04 -0.214984383416D-02
 -0.230909899278D-02  0.266991930551D-02  0.114134324930D-02
  0.526495848041D-04 -0.103364483078D-04 -0.156093501702D-05
 -0.299428160041D-03 -0.250194909122D-03  0.382691207509D-04
  0.563837281464D-04 -0.134380874017D-03  0.343480738422D-03
 -0.348846873881D-04 -0.949545144246D-03  0.384546310004D-03
  0.496292207952D-04  0.410733263391D-04 -0.306624947616D-03
 -0.759046313569D-03  0.977188850160D-05 -0.263358188342D-04
 -0.761746907389D-04  0.499615012413D-03  0.292110064450D-03
 -0.220729103400D-03 -0.224379032804D-03 -0.438677856353D-04
  0.713682756373D-03 -0.352668986396D-03  0.163227181950D-04
  0.389076910940D-04  0.766321601671D-03  0.128056978535D-03
 -0.116939367595D-03 -0.291155946040D-03 -0.235740822952D-02
 -0.335600646801D-04  0.114943152321D-02 -0.389462023080D-03
 -0.167466075549D-02 -0.227972828854D-03 -0.295387526066D-03
  0.506798775013D-03 -0.500233350746D-04 -0.363968716504D-04
  0.155014281775D-03 -0.221426929444D-03 -0.351661095569D-03
 -0.100073755956D-03 -0.108515281552D-02 -0.239310985649D-02
  0.428344351352D-03  0.390137378285D-03  0.222892467757D-03
 -0.932625280858D-05 -0.216982314116D-03  0.370405376057D-03
 dxyz
 -0.173571861772D-02 -0.370690015238D-03 -0.313209171535D-03
 -0.190777699463D-02 -0.393639729842D-03 -0.261658228735D-03
 -0.202076897759D-03  0.965915732547D-03 -0.494739889062D-03
 -0.877883653492D-03  0.136481361305D-02 -0.812110405728D-03
 -0.104425166016D-02  0.923489765804D-03 -0.675812332379D-03
 -0.472738899354D-03  0.144008595354D-03  0.567383454493D-04
 -0.161659024493D-03  0.185837486061D-03  0.221319092785D-03
  0.742645045322D-03 -0.602618117299D-03 -0.272239459897D-03
  0.510317345551D-03  0.549546460612D-03  0.570386716308D-03
  0.319451248091D-03  0.414803488762D-03  0.544894587980D-03
  0.712521535744D-03 -0.514814478578D-03 -0.264420668584D-03
  0.844283566716D-03 -0.122274076984D-02 -0.530346616585D-03
 -0.503268721235D-03 -0.185469509461D-03 -0.735935323416D-03
 -0.938983726867D-03 -0.224776422444D-04 -0.104449058011D-02
  0.390246343524D-03 -0.581893713136D-03  0.869793861471D-06
  0.748159197237D-04 -0.243077270211D-03 -0.281054289867D-03
 -0.328431252430D-03 -0.780530067973D-03 -0.179570450547D-03
  0.576110270089D-04 -0.126785789393D-02  0.626482391846D-03
  0.366858190055D-03 -0.117802598078D-02  0.629206040086D-03
  0.353488364438D-04  0.186114114478D-03 -0.389084664733D-04
  0.143580125986D-04  0.691788755107D-03  0.866555280690D-03
  0.936387089760D-04  0.962473148798D-03  0.967819455319D-03
  0.406695858976D-03  0.555206195212D-03  0.200316656997D-03
  0.548051985565D-03  0.109356286227D-03 -0.231451382782D-03
  0.416011567161D-03 -0.577120796512D-03 -0.379610249877D-03
 -0.614334110874D-03  0.437883737817D-03  0.194871433609D-02
 -0.218448202383D-04  0.147850748264D-02  0.979816974338D-03
  0.797561912691D-03 -0.422642748092D-03 -0.253980704220D-03
 -0.220717696377D-03 -0.521165668703D-03 -0.676079204607D-04
  0.158168069234D-03  0.123769897176D-03 -0.127538688851D-02
  0.244922834951D-03  0.105204857784D-02  0.133286501282D-02
  0.395992939968D-03 -0.423305531271D-04 -0.673708736846D-04
  0.676623569138D-03  0.198520013566D-02  0.661545190702D-03
  0.260555692203D-03  0.610674800548D-03  0.324598105145D-03
 -0.158354132371D-02  0.257439150038D-02 -0.133478517120D-02
 -0.140064685336D-02 -0.885904058657D-03  0.130084904517D-02
  0.391560450954D-03  0.984054875743D-03 -0.501936154454D-03
 -0.137786205240D-02  0.545416726012D-03 -0.928014443143D-03
  0.124964510997D-02 -0.174579830161D-02  0.378509829708D-03
  0.442297397949D-03 -0.709091513318D-03  0.694906028363D-04
  0.713307185770D-03 -0.130466685374D-02  0.117359013887D-02
  0.703121567676D-03  0.166607790304D-03 -0.117741328379D-02
  0.536128767293D-03 -0.546596461937D-03  0.713581557266D-03
  0.128899561584D-02 -0.289275702188D-02 -0.144609619922D-02
 grado
 -0.532889842572D-05 -0.407507840381D-04  0.245223152326D-05
  0.717868347690D-05 -0.147029372448D-03 -0.595382273408D-04
 -0.973726027079D-05  0.930873749113D-04 -0.675681365197D-05
  0.424088010200D-05  0.494032889872D-04  0.243954998891D-04
  0.197992573021D-05  0.116946929672D-04  0.639054797749D-05
  0.847250922042D-05 -0.570757539077D-04  0.123477232774D-04
  0.123588243499D-04  0.109648507554D-03  0.263540022082D-04
  0.373967030657D-05  0.219997949155D-05  0.571773789887D-05
 -0.527979476475D-06 -0.149707954458D-03 -0.239198562319D-04
 -0.594695747608D-05  0.924480787277D-04  0.628244552315D-04
 -0.644648014199D-05  0.203961083511D-04 -0.171446302641D-04
  0.530070139323D-05 -0.135496025871D-03 -0.277354006285D-04
  0.584361183085D-05  0.457918535469D-04  0.687578832286D-05
 -0.622685838832D-05 -0.534432460474D-04  0.207179443862D-04
 -0.443306639102D-05 -0.111711215856D-03 -0.303020031991D-04
 -0.850440511395D-05  0.898028864926D-04  0.604251725486D-04
  0.138241191376D-04  0.106135450940D-03  0.382343765357D-05
  0.719035031650D-05 -0.475030725603D-04  0.554474496723D-05
 -0.113383261405D-04  0.579180482008D-04  0.617041752893D-05
 -0.611369959699D-05  0.171418580681D-04 -0.169662057736D-04
  0.111069364256D-03  0.691315900774D-04  0.894400010345D-04
  0.356823542636D-04 -0.229322717436D-04  0.768638453196D-05
  0.134295564117D-04  0.786867350439D-05  0.221003969625D-03
  0.424837334179D-04  0.308894803278D-04 -0.388257824165D-04
 -0.245514008087D-04 -0.378544870139D-05  0.530109572469D-04
  0.573488895033D-04  0.112151650717D-04  0.225645913082D-05
  0.789057907238D-06 -0.684891985056D-04 -0.700809973434D-04
  0.135873626368D-04  0.328384864822D-04  0.898627194559D-04
  0.164123905651D-04  0.429010876561D-05  0.571460614647D-06
  0.125569257192D-03  0.137393911816D-05  0.960268080419D-05
  0.692279920603D-04 -0.174339388964D-04 -0.901604604154D-04
 -0.250882957764D-05  0.339536045790D-05 -0.276285320828D-05
 -0.575100753461D-04 -0.526704753591D-05 -0.398038928516D-05
 -0.207317872710D-05 -0.279016674406D-04  0.991685489081D-05
 -0.694456247238D-05  0.373388044123D-05 -0.640742580266D-04
  0.172814840664D-04 -0.111044917944D-03 -0.108982162335D-04
  0.146097272942D-03  0.533573316829D-04 -0.175039513622D-04
 -0.237761723830D-04  0.177467400325D-05 -0.543955327939D-05
 -0.986529724080D-05 -0.245121161026D-04  0.144399757451D-04
  0.113827733029D-04  0.501696477502D-04  0.137636716446D-03
 -0.197352298613D-04 -0.304850285420D-04 -0.735296038892D-04
 -0.196106259232D-05  0.255736788516D-05 -0.199252992889D-03
$end
