$energy      SCF               SCFKIN            SCFPOT
     1 -851.7168337867      790.4312845120     -1642.148118299
     2 -851.7168337894      790.4313724710     -1642.148206260
     3 -851.7179057356      790.6457859757     -1642.363691711
     4 -851.7183861045      790.7524263220     -1642.470812427
     5 -851.7187277606      790.7111065672     -1642.429834328
     6 -851.7188676237      790.6875631845     -1642.406430808
     7 -851.7189203975      790.6797080596     -1642.398628457
     8 -851.7189853572      790.6865788836     -1642.405564241
     9 -851.7190079081      790.6922237565     -1642.411231665
    10 -851.7190108416      790.6918322355     -1642.410843077
    11 -851.7190245168      790.6914052382     -1642.410429755
    12 -851.7190362726      790.6930016900     -1642.412037963
    13 -851.7190477967      790.6957844041     -1642.414832201
    14 -851.7190580075      790.6977002122     -1642.416758220
    15 -851.7190700833      790.6975240187     -1642.416594102
    16 -851.7190673102      790.6961388180     -1642.415206128
    17 -851.7190684823      790.6951540833     -1642.414222566
    18 -851.7190688293      790.6936853432     -1642.412754172
    19 -851.7190675383      790.6933187430     -1642.412386281
    20 -851.7190760306      790.6927449930     -1642.411821024
    21 -851.7190775927      790.6923068310     -1642.411384424
    22 -851.7190700093      790.6916744699     -1642.410744479
    23 -851.7190692636      790.6914960825     -1642.410565346
    24 -851.7190708395      790.6916864307     -1642.410757270
    25 -851.7190706052      790.6918427914     -1642.410913397
    26 -851.7190704979      790.6919675874     -1642.411038085
    27 -851.7190715714      790.6927257008     -1642.411797272
    28 -851.7190721745      790.6934276012     -1642.412499776
    29 -851.7190724758      790.6942066071     -1642.413279083
    30 -851.7190726109      790.6945987014     -1642.413671312
    31 -851.7190730233      790.6951660188     -1642.414239042
    32 -851.7190733507      790.6949590865     -1642.414032437
$end
