$energy      SCF               SCFKIN            SCFPOT
     1 -851.7716127135      790.6435271952     -1642.415139909
     2 -851.7716127656      790.6435687793     -1642.415181545
     3 -851.7718683754      790.8000002906     -1642.571868666
     4 -851.7718942937      790.8436531973     -1642.615547491
     5 -851.7719243150      790.8480617849     -1642.619986100
     6 -851.7719755614      790.8143355062     -1642.586311068
     7 -851.7719932927      790.7981062809     -1642.570099574
     8 -851.7719954525      790.7952044043     -1642.567199857
     9 -851.7719977920      790.7956885636     -1642.567686356
    10 -851.7719982550      790.7961157803     -1642.568114035
    11 -851.7719972727      790.7967717211     -1642.568768994
    12 -851.7719981081      790.7962920893     -1642.568290197
    13 -851.7719977596      790.7954221353     -1642.567419895
    14 -851.7719971767      790.7952811206     -1642.567278297
    15 -851.7719973904      790.7956054486     -1642.567602839
$end
