$grad          cartesian gradients
  cycle =      2    SCF energy =     -851.7716127656   |dE/dxyz| =  0.013388
   -1.03454985072252      0.17086893311269     -3.11042078016381      y
   -2.08497962839843     -1.08154138680466      0.63047349724086      h
   -3.26164367811719      3.30857567064708     -6.26398685522651      c
   -5.20322596630143      2.54829444214621     -4.54908949891094      c
   -4.62832290220148      3.59316559042654     -2.13457433522940      c
   -2.33452306541580      4.98295805474112     -2.34497965447965      c
   -1.47715394472787      4.80913651045535     -4.90144216293029      c
   -0.78030515305230     -4.81168331153283     -3.95716982900396      c
    1.73531886206428     -3.89680377774893     -4.22821249116859      c
    1.81430109927869     -2.28413474662463     -6.39483905100010      c
   -0.66714003791476     -2.21763339457293     -7.45815052474975      c
   -2.27237224084821     -3.77150510911040     -5.94313762645819      c
    1.03702802038301     -0.16989233983081      3.11059560559933      y
    2.09149349717068      1.07519151190137     -0.63219746861537      h
    3.20747522849329     -3.33390368707477      6.27758780683227      c
    5.16985395267904     -2.58772869717639      4.58026169094131      c
    4.60568018659688     -3.62215419533023      2.15890741944213      c
    2.29779149668905     -4.99178460470335      2.34737717578295      c
    1.42123050645203     -4.81573412845358      4.89718614752140      c
    0.80468052418190      4.82053118104162      3.92569193082461      c
   -1.70953281038265      3.91274605707479      4.23075552138349      c
   -1.76800282640469      2.31544012139847      6.40939563710708      c
    0.72500929282246      2.25155641797460      7.44610297955641      c
    2.31658614580674      3.79147685145179      5.90266822240525      c
   -1.46216066868247     -6.07917515770560     -2.47613023800831      h
    3.33356512546021     -4.35600212377246     -3.01063114653637      h
    3.49088293560918     -1.33946330254078     -7.14814832393678      h
   -1.22935926026623     -1.19424843232959     -9.16062274282329      h
    5.74213010849315     -3.38021010295044      0.45194388928819      h
    6.82765361208426     -1.45136721446275      5.06255173431731      h
   -3.43778580608401      1.37928000377994      7.18815593046283      h
    1.47336049132596      6.07535827169975      2.42796964862815      h
   -3.32000106646221      4.36545243796977      3.02661428689483      h
    1.30424568789878      1.24192639424719      9.15115826426970      h
   -6.85511947567675      1.39673408118482     -5.01554401530781      h
   -1.39471407562323      6.01503500126729     -0.82838505542177      h
   -3.18447708976332      2.86275545175023     -8.27812215440396      h
   -5.74762072492758      3.34312137598614     -0.41754593476309      h
    1.36157468728678     -6.01241453522960      0.82096374875413      h
    3.11726404967375     -2.89126009779341      8.29197765211870      h
   -0.27031796078550     -5.71956065413454      5.66681433937990      h
    4.33064169854173      4.14488927388183      6.20446428752204      h
    0.19830388250370      5.72815775698659     -5.68805615805999      h
   -4.28276285873710     -4.12445039124243     -6.26823136907503      h
  -.35530881172993D-03  0.77406699654767D-04  -.15541672287544D-02
  -.55732087569270D-04  0.29667497382608D-03  -.13213768965846D-03
  0.48998501295161D-03  -.13785346405994D-02  -.27323676285710D-02
  -.18591070087687D-02  -.21237352959376D-02  -.26964478753216D-03
  -.12570453216066D-02  -.61315291267139D-03  0.20405160019257D-02
  0.15075555813692D-02  0.82013025874030D-03  0.19165475255585D-02
  0.28254599140305D-02  0.58252978287964D-03  -.88896393016391D-03
  -.10949158541823D-02  -.12274123807865D-02  0.19310827861444D-02
  0.20330664553520D-02  -.10489210299610D-03  0.19190001933883D-02
  0.21982007775441D-02  0.20572770131394D-02  -.48662839333786D-03
  -.11255533482009D-02  0.19552925429600D-02  -.18280637033642D-02
  -.28370977781191D-02  0.25003961084244D-04  0.54724000420360D-04
  0.28990462958708D-03  -.48448764532016D-04  0.14807060851128D-02
  0.12721766715700D-03  -.36724712387934D-03  0.11683081299729D-03
  -.49971279512683D-03  0.13916304735295D-02  0.27567108075419D-02
  0.18079544165414D-02  0.20887943015417D-02  0.27448098919494D-03
  0.11801627707852D-02  0.64402787714168D-03  -.20513458624252D-02
  -.15283417246071D-02  -.78521733358509D-03  -.19404163029517D-02
  -.27887059441452D-02  -.62078578793392D-03  0.88499938356065D-03
  0.11206408361116D-02  0.12321112716411D-02  -.18922135985736D-02
  -.20465390875590D-02  0.10095692615636D-03  -.19262488229480D-02
  -.21951179489988D-02  -.20211202551870D-02  0.50484098472783D-03
  0.11416024308824D-02  -.19387713925016D-02  0.18396379187424D-02
  0.28417327354459D-02  -.30963167446314D-04  -.42081676375065D-04
  -.18603497196857D-03  -.55562670130922D-03  0.65246846355857D-03
  0.65472990669943D-03  -.13832010958522D-03  0.53715851256768D-03
  0.70509028257347D-03  0.23715408653045D-03  -.35699100638866D-03
  -.22998134677487D-03  0.42340245213548D-03  -.76282816124545D-03
  0.42580884037422D-03  0.12033734355465D-03  -.84115056310949D-03
  0.81477936086746D-03  0.39403532153482D-03  0.24194150955737D-03
  -.69706097884642D-03  -.26377085229901D-03  0.38788430958564D-03
  0.21270219943621D-03  0.56840346233326D-03  -.66336346065101D-03
  -.66694928173176D-03  0.11787829482887D-03  -.54846461902421D-03
  0.26656088455814D-03  -.37335859596669D-03  0.80573847573406D-03
  -.84410909564166D-03  -.40803897506692D-03  -.25001554018075D-03
  0.49085637102672D-03  0.40851444770547D-03  0.75179262591358D-03
  -.33029565120177D-04  -.15376589868675D-03  -.78653469263798D-03
  -.41154426560574D-03  -.14633916999776D-03  0.82090331717617D-03
  -.46209387324113D-03  -.40967543895926D-03  -.74021237932551D-03
  0.39981430887991D-04  0.14082921254374D-03  0.80991919018594D-03
  -.62869372300135D-03  -.45354576015409D-03  0.24373644022237D-03
  0.76247083079475D-03  0.20365595718041D-03  0.18024680846410D-03
  0.58967039516742D-03  0.46683117419714D-03  -.27606584789773D-03
  -.72293194340372D-03  -.16019822061400D-03  -.16472946434414D-03
  cycle =      3    SCF energy =     -851.7718683754   |dE/dxyz| =  0.004189
   -1.03925315914881      0.16876616996136     -3.10924797706270      y
   -2.08364445771441     -1.08186848067816      0.63435603069400      h
   -3.26393252620506      3.31318895604675     -6.25981369932145      c
   -5.20313518774164      2.55480430415571     -4.55086785399119      c
   -4.63127850125541      3.59565879930313     -2.13971182397737      c
   -2.34126200145366      4.98200142007131     -2.34738303952314      c
   -1.48374979853583      4.80882859203990     -4.89817385706356      c
   -0.78177198540980     -4.81285086588114     -3.96380951877875      c
    1.72917410649533     -3.89974705902104     -4.23206717489615      c
    1.80955923271432     -2.28896434130618     -6.39337129152975      c
   -0.66538082150557     -2.22214326233019     -7.45655699924246      c
   -2.26844939294236     -3.77389344867209     -5.94738414332655      c
    1.04189624783148     -0.16842306715223      3.10937392370576      y
    2.08965155679865      1.07612657344686     -0.63585763077813      h
    3.20998919119888     -3.33783931721463      6.27448987401945      c
    5.17012021401794     -2.59380884117015      4.58320505548375      c
    4.60941400500725     -3.62516089150200      2.16554806605814      c
    2.30533366149924     -4.99153877253883      2.35137732133542      c
    1.42834395848362     -4.81534998965148      4.89538215364478      c
    0.80569023172075      4.82129812698995      3.93055673731188      c
   -1.70373487302246      3.91521791411349      4.23307086275158      c
   -1.76369673591414      2.32039880546766      6.40679707746727      c
    0.72272971961836      2.25665842434662      7.44362197996672      c
    2.31215069509579      3.79424526850895      5.90566743376405      c
   -1.46458128864575     -6.08134703786587     -2.48691155957561      h
    3.32570932931529     -4.36195305955386     -3.01671610564366      h
    3.48497630118919     -1.34389995144551     -7.14359563056407      h
   -1.22507721496916     -1.20015032502566     -9.15814185608774      h
    5.74893479410068     -3.38659060881896      0.46286560662369      h
    6.82579547794298     -1.45903591658555      5.06711678781031      h
   -3.43245135514553      1.38423154053438      7.18262304921766      h
    1.47516967311676      6.07663571878023      2.43650838873302      h
   -3.31250541593633      4.37078952136741      3.03116331396409      h
    1.29943086350536      1.24809901856127      9.14755902712427      h
   -6.85297861707692      1.40506004158809     -5.01898125924387      h
   -1.40531338068461      6.01553993401413     -0.83247477564112      h
   -3.18559415988949      2.86978231721751     -8.27254089586005      h
   -5.75366271457053      3.34892778648061     -0.42685254401787      h
    1.37295205619338     -6.01386513736710      0.82674941631824      h
    3.11806830494769     -2.89664837916992      8.28718143501391      h
   -0.26249610345863     -5.71776813339708      5.66326403413813      h
    4.32384439059237      4.14796867955513      6.20985835490578      h
    0.19145785726112      5.72608174138097     -5.68261649301825      h
   -4.27644217742051     -4.12746276758373     -6.27525980090855      h
  -.37858151436454D-03  0.32632696964341D-04  -.14590662863814D-02
  -.70991211111642D-04  0.29098224778106D-03  -.11884543042344D-03
  0.30117498798846D-03  -.74021027987038D-03  -.41665351437991D-03
  -.10403905593016D-03  -.75920683919035D-03  0.45424364333059D-04
  -.11513579993279D-03  -.42002201093543D-03  0.37469537528354D-03
  0.54346692779388D-03  -.19430015011584D-03  0.43395570433989D-03
  0.83084580489942D-03  -.39436048283972D-03  -.19886449583138D-03
  -.37889456624324D-03  0.58637997638330D-04  0.48378265767229D-03
  0.33987910916889D-03  0.31742289762655D-03  0.60341739867561D-03
  0.28645328088966D-03  0.96223797272576D-03  0.11404762169992D-03
  -.42845903604663D-03  0.76970797606567D-03  -.29506595985165D-04
  -.50797017586928D-03  0.38264205935619D-03  0.25702340081702D-03
  0.33277284214343D-03  -.44290111626421D-04  0.13878106919553D-02
  0.13308368974728D-03  -.33624455680719D-03  0.10916983841798D-03
  -.30726689219274D-03  0.74261169422689D-03  0.42592844353092D-03
  0.45993385868177D-04  0.75124338113964D-03  -.68291540317353D-04
  0.68148680393006D-04  0.45603043410483D-03  -.38388855229606D-03
  -.58898614145163D-03  0.18918159015178D-03  -.44158005555509D-03
  -.80284969850575D-03  0.35396960009614D-03  0.22779469410243D-03
  0.40444982801656D-03  -.32796268043498D-04  -.47574574953817D-03
  -.31064823008002D-03  -.32293230272970D-03  -.62297848387021D-03
  -.29023248069918D-03  -.94261899062138D-03  -.12235771551997D-03
  0.42231295535973D-03  -.76172660127479D-03  0.75600016735466D-04
  0.53829301376371D-03  -.35306963482743D-03  -.20309914127537D-03
  0.20929939382308D-04  -.84754524143792D-04  0.63333350321637D-04
  0.50118610815047D-04  -.35334092287395D-04  0.86411165701739D-05
  0.10886480838990D-03  -.63110490721934D-04  -.85095370884805D-04
  0.15070534639238D-04  -.27311794053160D-04  -.11445783125333D-03
  0.24956310197839D-04  -.33720273724869D-05  -.89962408290731D-04
  0.12281362709221D-03  -.43485456569846D-04  0.52348308211953D-04
  -.96217686087164D-04  0.47486591082181D-04  0.99051543677867D-04
  -.49785643188079D-05  0.88697258016760D-04  -.64082818770077D-04
  -.55644388389922D-04  0.24238884220064D-04  -.27757972956154D-04
  0.55229040446342D-05  0.56675786134664D-04  0.13102011148864D-03
  -.12789544059508D-03  0.48373203118738D-04  -.56677803001846D-04
  0.35390854767276D-04  0.31629358651777D-04  0.59713203963605D-04
  -.71203217339256D-04  0.61528356052650D-04  -.81491141587601D-04
  -.25622892325453D-04  -.99690686494003D-05  0.89558553308792D-04
  -.19514445938272D-04  -.34848300371942D-04  -.41625540841648D-04
  0.74089798741164D-04  -.63822242641796D-04  0.85314352040047D-04
  -.50575910702651D-04  -.13085246545083D-03  0.61801031385240D-05
  0.47325217425932D-04  0.79994299130429D-04  0.77253039519172D-04
  0.34637751861494D-04  0.13373306789389D-03  -.26453223293159D-04
  -.47395031041581D-04  -.52691395884978D-04  -.66084017145850D-04
  cycle =      4    SCF energy =     -851.7718942937   |dE/dxyz| =  0.003365
   -1.04380476755417      0.16697214305801     -3.10783354655634      y
   -2.08266529664920     -1.08233903463524      0.63826594823569      h
   -3.26523560077099      3.31616380045154     -6.25819245340738      c
   -5.20502585462068      2.55853914072840     -4.55233021572546      c
   -4.63506245545422      3.59722564227821     -2.14150999119131      c
   -2.34593327268995      4.98197740400554     -2.34678451281535      c
   -1.48696931117105      4.80946248976105     -4.89521894817915      c
   -0.78382429332152     -4.81496050095629     -3.96622900108749      c
    1.72561202154857     -3.90231232272005     -4.23180822343382      c
    1.80788508039504     -2.29195075428588     -6.39107180879028      c
   -0.66423228841842     -2.22458665323818     -7.45604366563691      c
   -2.26762907461013     -3.77627086765458     -5.94999922805330      c
    1.04650054184102     -0.16696320470346      3.10795457345632      y
    2.08803027208886      1.07745742600700     -0.63950402484844      h
    3.21147928172515     -3.34047354273615      6.27333590574676      c
    5.17227610309166     -2.59732988474706      4.58520999476518      c
    4.61366953103177     -3.62695469579363      2.16802401642972      c
    2.31051119759895     -4.99181265262362      2.35148557217345      c
    1.43189458360208     -4.81587961406670      4.89305841692681      c
    0.80741052637645      4.82314921832548      3.93215464163011      c
   -1.70047415488156      3.91752112722277      4.23224590621962      c
   -1.76225887178036      2.32336108208398      6.40407824004120      c
    0.72138727209931      2.25930867438008      7.44265296544649      c
    2.31110378840042      3.79668016045352      5.90756732213423      c
   -1.46821697994319     -6.08377088098953     -2.49085640165455      h
    3.32082586058629     -4.36484934172871     -3.01523844208150      h
    3.48323284915567     -1.34470337898605     -7.13773250670062      h
   -1.22248918016182     -1.20093782574534     -9.15669563417642      h
    5.75545496490914     -3.38937934295946      0.46722198424741      h
    6.82658743408506     -1.46188585015957      5.07050181076192      h
   -3.43106965500407      1.38526604151080      7.17648780339962      h
    1.47826559471956      6.07863583626102      2.43940211316457      h
   -3.30806044505004      4.37356834186175      3.02940102976880      h
    1.29667475990868      1.24869854115496      9.14542094496468      h
   -6.85353739622717      1.40817912074648     -5.02180857009355      h
   -1.41138320419339      6.01530242934738     -0.83130637245100      h
   -3.18389370018643      2.87200628627126     -8.27036968908319      h
   -5.75977635955134      3.35161798650816     -0.43051940390827      h
    1.37944066152442     -6.01386664701514      0.82623530240941      h
    3.11633459553470     -2.89812875009128      8.28535182910616      h
   -0.26054539174062     -5.71614872205391      5.65900695687480      h
    4.32249078443010      4.14935490035963      6.21280919482547      h
    0.19018696709954      5.72430643005911     -5.67743268910918      h
   -4.27516711777231     -4.12924975494625     -6.27938714374500      h
  -.41909464781269D-03  -.81839437149959D-05  -.13680792359108D-02
  -.87979377630506D-04  0.27967499053447D-03  -.10354086822196D-03
  0.23051231571514D-03  -.44432482969328D-03  0.34085194427302D-03
  0.46039723228625D-03  -.21835162619348D-03  0.17009297378615D-03
  0.35400493858505D-03  -.30252941314878D-03  -.19157989093368D-03
  0.11183226231389D-03  -.59154663138931D-03  -.17026439230599D-03
  0.79986337888645D-04  -.66625730545185D-03  0.91234175655007D-04
  -.98134370040085D-06  0.51464616277556D-03  -.30586387504735D-04
  -.36097284663604D-03  0.45005074061043D-03  0.51812414117767D-04
  -.36878997117744D-03  0.45435888990889D-03  0.34090905680474D-03
  -.12408916175139D-03  0.36006285495177D-03  0.51776146364035D-03
  0.26986228638890D-03  0.42456005342959D-03  0.32190266554093D-03
  0.39535919879390D-03  -.27778433467358D-04  0.12987936662568D-02
  0.13643497372270D-03  -.30820164800498D-03  0.97506888302335D-04
  -.24391146185079D-03  0.43967026911727D-03  -.34098722030531D-03
  -.50934111410100D-03  0.22630910178542D-03  -.19588377500266D-03
  -.39342592040228D-03  0.32770011570556D-03  0.18312204523970D-03
  -.15349652209144D-03  0.57223784311578D-03  0.17907770916344D-03
  -.58326815640588D-04  0.63712919709970D-03  -.52385300826285D-04
  0.34093285815659D-04  -.48839199923196D-03  0.34643239869249D-04
  0.39524422452058D-03  -.46265690112151D-03  -.79916645317888D-04
  0.36654768032666D-03  -.44496146570660D-03  -.36186811052750D-03
  0.11443203156940D-03  -.33349596773915D-03  -.46723450659724D-03
  -.24218788730744D-03  -.37896624105438D-03  -.25564276080557D-03
  0.43293571030274D-04  0.17733774347372D-04  -.48949214766267D-04
  -.36669868701120D-04  -.25622757040866D-04  -.38614788555975D-04
  -.16233011809422D-04  -.85630868824710D-04  -.56668033988482D-05
  0.50622700966319D-04  -.74498147945354D-04  0.17233648257036D-04
  -.44142698878672D-04  -.27265008972269D-04  0.62921984570228D-04
  -.35801065642969D-04  -.92402436758663D-04  0.90553123676755D-05
  0.25394400324364D-04  0.77244418743950D-04  0.12584344007119D-04
  -.36472322928637D-04  -.17421009842826D-04  0.52323831412837D-04
  0.37921583274517D-04  0.18762505227090D-04  0.29554462348441D-04
  -.39683026782424D-04  0.90845790010183D-04  -.13966813975408D-04
  0.35929270626668D-04  0.98564531932470D-04  -.10734043962227D-04
  -.36917342523351D-04  -.23874192776417D-04  -.35361016326109D-04
  -.39919590131655D-04  0.67762253251954D-04  0.36818767532250D-04
  0.40582028445945D-04  0.23361256326572D-04  -.60223722733731D-04
  0.41233877079087D-04  0.20579128659950D-04  0.43604825613480D-04
  0.40477140757504D-04  -.65023855115867D-04  -.37825882869603D-04
  0.46648396501862D-04  -.35086373035569D-04  -.35098655454971D-04
  -.77152380751618D-04  0.29611134380471D-04  0.35425596840501D-04
  -.50112463082660D-04  0.32943957928837D-04  0.24081817307804D-04
  0.70428561346667D-04  -.14890172598633D-04  -.30507609571242D-04
  cycle =      5    SCF energy =     -851.7719243150   |dE/dxyz| =  0.003468
   -1.05069334783707      0.16479337409891     -3.10547028834269      y
   -2.08140576908092     -1.08334539708347      0.64433649363952      h
   -3.26726373749927      3.32090298354279     -6.25722134241829      c
   -5.20951430115576      2.56350491271036     -4.55458693663992      c
   -4.64194164777042      3.60015522709356     -2.14262757340504      c
   -2.35242045444928      4.98381365992960     -2.34434037130423      c
   -1.49053973837886      4.81223610585295     -4.89107450687295      c
   -0.78714251633914     -4.81915722357871     -3.96738641770496      c
    1.72206778808354     -3.90650120477454     -4.22890702559916      c
    1.80754293330420     -2.29624832804769     -6.38714133147521      c
   -0.66234913118096     -2.22827825087635     -7.45598381155806      c
   -2.26789411982450     -3.78048031468121     -5.95306774901943      c
    1.05336098722590     -0.16505605283951      3.10563752325310      y
    2.08548020649793      1.08027749613792     -0.64504972302932      h
    3.21382616130139     -3.34495145123433      6.27259195481179      c
    5.17716968926848     -2.60210324285012      4.58782177746960      c
    4.62111878682506     -3.62996476642246      2.16955275848965      c
    2.31760976268595     -4.99373221928052      2.34940134595526      c
    1.43585492521813     -4.81844341557376      4.88918621324010      c
    0.81021645443836      4.82704714678791      3.93277112732777      c
   -1.69744328711562      3.92149416513283      4.22931896794772      c
   -1.76214622498698      2.32746714092790      6.40013780966289      c
    0.71948592979277      2.26287446062399      7.44220061650716      c
    2.31120427560672      3.80064904247189      5.90988401055241      c
   -1.47430480012074     -6.08786774769799     -2.49315365489664      h
    3.31522691545616     -4.36806188282043     -3.00919254248665      h
    3.48318694043577     -1.34512342945734     -7.12833651060996      h
   -1.21864739655314     -1.20147319407947     -9.15546017668031      h
    5.76583244357467     -3.39258079155393      0.47063469342307      h
    6.82973148037516     -1.46488820401707      5.07521173858569      h
   -3.43140967878185      1.38579365523423      7.16731846652641      h
    1.48346201068175      6.08238784162627      2.44092798069464      h
   -3.30330720736195      4.37698475094365      3.02393965255007      h
    1.29294031195061      1.24839687889618      9.14337716746341      h
   -6.85628933367624      1.41134965606121     -5.02607871843992      h
   -1.41903148537581      6.01609238558059     -0.82739053866603      h
   -3.18064757135964      2.87444954596849     -8.26877359878652      h
   -5.76967402548977      3.35502878223076     -0.43352435719904      h
    1.38759312730761     -6.01448656654402      0.82252306322315      h
    3.11330165198277     -2.90018316647824      8.28391908411565      h
   -0.25989695865361     -5.71509294334595      5.65213921078966      h
    4.32288155990919      4.15115384519510      6.21620547382064      h
    0.19031062380199      5.72320943127353     -5.66997117744045      h
   -4.27544223273280     -4.13204269508345     -6.28429877747467      h
  -.46657274252755D-03  -.65673636434706D-04  -.11644201169121D-02
  -.11185149222178D-03  0.25606597206503D-03  -.67890615796489D-04
  0.14635752136182D-03  -.21228786377558D-03  0.49556658003773D-03
  0.52671708043168D-03  0.33173228517144D-04  0.20615977020960D-03
  0.54399723054653D-03  -.19725895279639D-03  -.34140792279024D-03
  -.82990296968003D-04  -.66918424347653D-03  -.39835325834272D-03
  -.22937781977549D-03  -.59406123760122D-03  0.25657341749503D-03
  0.26983048367355D-03  0.62746545352781D-03  -.20886056142728D-03
  -.59966728811892D-03  0.43588541051492D-03  -.21381747587645D-03
  -.51456220050647D-03  0.82098573667410D-04  0.41876345406853D-03
  0.57318414410686D-04  0.18192300112004D-03  0.54282024456813D-03
  0.42960899759227D-03  0.30705609686569D-03  0.30858807617404D-03
  0.46898390876208D-03  -.30481937969195D-05  0.11022986607436D-02
  0.14403787294417D-03  -.25690285948251D-03  0.69915484179144D-04
  -.17139916196319D-03  0.20433213427837D-03  -.50096873467474D-03
  -.55328182898783D-03  -.99150446066281D-05  -.22546357988045D-03
  -.58544133575639D-03  0.19518761936464D-03  0.33231369140777D-03
  0.61879300111265D-04  0.64394959178489D-03  0.42475446389064D-03
  0.23483678196527D-03  0.58198807741425D-03  -.22467507988393D-03
  -.22477502227899D-03  -.61019213089886D-03  0.21278968579342D-03
  0.62679772825491D-03  -.45875634542756D-03  0.18030417147009D-03
  0.51460826285190D-03  -.87044782580252D-04  -.43588427854770D-03
  -.58773925471777D-04  -.12063337867755D-03  -.50315112293772D-03
  -.41683345611477D-03  -.25161471921475D-03  -.24422737590580D-03
  0.10451480650803D-04  0.40319006992197D-04  -.50324869813715D-04
  -.36615441698133D-04  -.15628141194565D-04  0.63112484260225D-05
  -.26216077439773D-04  -.15101582226237D-04  0.37062574826986D-04
  0.33050067437501D-04  -.21527743605403D-04  0.37951037659571D-04
  -.33665394132598D-04  -.21864295704232D-04  0.75941979694862D-04
  -.67068883888222D-04  -.21393702985206D-04  0.19112108381322D-05
  0.27421813787541D-04  0.15714355944219D-04  -.39190625500745D-04
  -.13126543627808D-04  -.38126786895229D-04  0.51064502431587D-04
  0.40477649243772D-04  0.15336627467477D-04  -.22133754803663D-07
  -.33138706761878D-04  0.17529041581577D-04  -.42774244595696D-04
  0.68470006210501D-04  0.24260009680132D-04  0.93647513670893D-07
  -.26804445620123D-04  -.22478891148277D-04  -.24348393945856D-04
  0.24201564804456D-04  0.14054883818830D-04  0.29592643144351D-04
  0.31358605489451D-04  0.28397225596045D-04  -.75612871645839D-04
  0.21647810932407D-04  0.23460949565556D-04  0.19000953539001D-04
  -.24585168263828D-04  -.86250796135780D-05  -.31219251665765D-04
  0.13319517150164D-04  0.28103955785188D-04  -.19597607804537D-04
  -.47147924463022D-04  -.20083952717439D-04  -.37228169041814D-05
  -.76928568925915D-05  -.31205080203426D-04  0.21022378186191D-04
  0.44826906322991D-04  0.19350464631071D-04  0.17303775756989D-05
  cycle =      6    SCF energy =     -851.7719755614   |dE/dxyz| =  0.001678
   -1.06439675500596      0.16218286548009     -3.10036279220615      y
   -2.07906960111827     -1.08661321627722      0.65655128550640      h
   -3.27289466436588      3.33380870257317     -6.25674698543133      c
   -5.22086462835127      2.57606812835178     -4.55999897556013      c
   -4.65851275076495      3.60997655355546     -2.14471252322655      c
   -2.36692201668643      4.99312547911744     -2.33917447609951      c
   -1.49876537446792      4.82307093136052     -4.88401443270684      c
   -0.79337649472573     -4.82965813466767     -3.96711644598870      c
    1.71749602991302     -3.91669591406591     -4.22057646342753      c
    1.80973522864952     -2.30726558881339     -6.37920713743375      c
   -0.65691613307477     -2.23894336727447     -7.45654202756297      c
   -2.26806631109232     -3.79134446326558     -5.95861869869381      c
    1.06657980205450     -0.16252220633640      3.10078949613431      y
    2.07959766968424      1.08800710151588     -0.65591864936673      h
    3.22040720546407     -3.35776113021029      6.27151547283628      c
    5.18942444570721     -2.61440812131688      4.59281549491643      c
    4.63856433350698     -3.63925707869920      2.17112157786443      c
    2.33300748928385     -5.00236924537520      2.34347429030091      c
    1.44485880109910     -4.82874900894230      4.88131644651116      c
    0.81504324020838      4.83711800300708      3.93281418259529      c
   -1.69428792445969      3.93164314731801      4.22287561590769      c
   -1.76449728261068      2.33778557289932      6.39373033470167      c
    0.71474415184746      2.27224017388507      7.44251447586357      c
    2.31134545160578      3.81027848710395      5.91433743687610      c
   -1.48630167828167     -6.09781874576980     -2.49472991207855      h
    3.30680557391790     -4.37592861671813     -2.99508111767212      h
    3.48651272482351     -1.35115721319929     -7.11171702795275      h
   -1.20861095055332     -1.20830753020716     -9.15535024329332      h
    5.78877887508239     -3.40123845733487      0.47565609088047      h
    6.83994010254064     -1.47613188315093      5.08522477428066      h
   -3.43494339586635      1.39158082878640      7.15304292761207      h
    1.49306544256576      6.09204747518035      2.44247014360847      h
   -3.29719460380978      4.38568113839492      3.01311976482217      h
    1.28425618303518      1.25274186112336      9.14218224844598      h
   -6.86558128344285      1.42268403258577     -5.03632021567523      h
   -1.43594649328819      6.02394501283037     -0.81972781736230      h
   -3.17678409830750      2.88401949203758     -8.26725880361875      h
   -5.79189341359747      3.36480627893010     -0.43903176270643      h
    1.40530894481445     -6.02119854706143      0.81385037889078      h
    3.11061752414634     -2.91031704532448      8.28190702307767      h
   -0.25609063087737     -5.72032832059935      5.63887714813576      h
    4.32301958973869      4.15830907171076      6.22422690047872      h
    0.18784605224383      5.72856454558451     -5.65706338520983      h
   -4.27503837718466     -4.14167104872188     -6.29514361697379      h
  -.49724127524108D-03  -.15148765886800D-03  -.49203150920876D-03
  -.16905177648619D-03  0.17384590637720D-03  0.43041819535106D-04
  -.49601586346936D-04  0.65771169953501D-04  0.14296005253269D-03
  0.99507986342017D-04  0.70858839250931D-04  0.88095994862669D-05
  0.29489108291193D-03  -.86767349598593D-04  -.13833677186021D-03
  0.28375855477854D-04  -.22053603880074D-03  -.18222559338488D-03
  -.17620795931627D-03  -.75699842280131D-04  0.21764820197466D-03
  0.30323772968166D-03  0.28604751456911D-03  -.10321593253207D-03
  -.17012922447310D-03  0.20553970704000D-03  -.18606079621804D-03
  -.15306540823164D-03  -.23499297318178D-03  0.20297589520984D-03
  0.17554666115648D-03  0.41077937952081D-04  0.68735166210433D-04
  0.34323554678632D-04  0.42769356996461D-04  0.29674437218108D-04
  0.55673069384983D-03  0.57550622112946D-04  0.46111750268599D-03
  0.15549385353689D-03  -.13203728665393D-03  -.23222154730351D-04
  0.21729484872850D-04  -.61723021970614D-04  -.14505667863026D-03
  -.92207199598701D-04  -.44999751847757D-04  -.17633762194397D-04
  -.33745047180757D-03  0.33055355208681D-04  0.13698956624461D-03
  -.11977580096221D-04  0.20806286448835D-03  0.21063134153893D-03
  0.14637245001647D-03  0.99962561920588D-04  -.22771315846182D-03
  -.25539730779815D-03  -.28349851715552D-03  0.10522486855505D-03
  0.18107958646547D-03  -.21633117467448D-03  0.14737572404739D-03
  0.16007341442480D-03  0.20866046006595D-03  -.18523871203425D-03
  -.14091834950782D-03  0.53942181956959D-04  -.67134887133166D-04
  -.51013821080833D-04  -.17939566995403D-05  -.10732079560115D-04
  -.68910799774837D-04  0.10928557643039D-04  0.13714524343011D-05
  -.35157185738765D-04  0.18987981426069D-04  0.57000650450287D-04
  -.24878451451759D-04  0.88036965752168D-04  0.85028705727030D-04
  0.16519793100785D-04  0.32299442089212D-04  0.75891332657292D-04
  0.22671340053480D-04  0.41391342585644D-05  0.27781097900507D-04
  -.77559249479975D-04  0.65874784454327D-04  0.62558893019142D-05
  0.93128735738612D-05  -.73925866245791D-04  -.98065441778196D-04
  0.53671609574250D-04  -.16894143989305D-04  0.31055089012757D-05
  0.30915708455021D-04  -.81383077745433D-05  -.26851508964874D-04
  -.34028892727061D-04  -.63661905030272D-04  -.81581773636547D-04
  0.77956187545779D-04  -.68218368850117D-04  -.52025069302221D-06
  0.80099019782679D-05  -.10688215703418D-04  -.21293924031273D-04
  0.11495877743119D-03  -.51579391347815D-04  0.50983771466646D-04
  -.22830344712019D-04  0.10663314381401D-04  -.29367503878604D-04
  -.16281792229250D-04  0.15680842315634D-04  0.17591042531284D-05
  -.11530007476491D-03  0.51416804156247D-04  -.47635033671075D-04
  -.47934991725903D-04  0.11205252182813D-03  0.17405694164462D-04
  0.16716279864881D-05  -.74302521451708D-04  -.42579192578461D-04
  0.60679232020956D-04  -.11501955101630D-03  0.72062727230951D-05
  0.80043861121671D-05  0.50605642925688D-04  0.35149782218778D-04
  cycle =      7    SCF energy =     -851.7719932927   |dE/dxyz| =  0.000902
   -1.06034258176428      0.16562127710276     -3.10137157325041      y
   -2.07964732000011     -1.08781079891417      0.65320988228607      h
   -3.27463287286872      3.33717886034006     -6.25783617152694      c
   -5.22083943824289      2.57872224049156     -4.55910206435657      c
   -4.65749697827699      3.61447098150204     -2.14447842189484      c
   -2.36639498663917      4.99933768283453     -2.34108696394355      c
   -1.50016296927016      4.82876652789241     -4.88728045651590      c
   -0.79010912939181     -4.82984639608059     -3.96491293205094      c
    1.72151198226268     -3.91734689298048     -4.22105746364852      c
    1.81230603185585     -2.30970174452505     -6.38200752098957      c
   -0.65562670294947     -2.24241030266311     -7.45739880698334      c
   -2.26599098152375     -3.79287537784820     -5.95662895339839      c
    1.06253080098078     -0.16543592559911      3.10181289096037      y
    2.08002452046813      1.08948540730153     -0.65260981947733      h
    3.22204204966464     -3.36156596017683      6.27197581932558      c
    5.18950675390815     -2.61726012716407      4.59163345033905      c
    4.63780657495016     -3.64306513674940      2.17024093231555      c
    2.33255620110837     -5.00777193285344      2.34417341772535      c
    1.44613183662507     -4.83436809315040      4.88332957629676      c
    0.81154809982456      4.83753230787428      3.93180878066237      c
   -1.69852063879573      3.93264367699687      4.22446505484628      c
   -1.76709940029979      2.33991205818604      6.39719090631675      c
    0.71353509167642      2.27469061737530      7.44367048273703      c
    2.30922360694267      3.81119896183189      5.91296643778999      c
   -1.48159800639770     -6.09714888686185     -2.49124792743959      h
    3.31246995037479     -4.37694741052997     -2.99801394494721      h
    3.48943617443339     -1.35811524019761     -7.11953736299107      h
   -1.20805425981685     -1.21537306502793     -9.15827388514407      h
    5.78652486716456     -3.40457643473371      0.47388727937776      h
    6.84167148972931     -1.48124172459424      5.08352866023135      h
   -3.43767054597864      1.39793216523579      7.16142100408322      h
    1.48822117435952      6.09194621351994      2.44050406365127      h
   -3.30283909882651      4.38677583023436      3.01668511447833      h
    1.28386889646455      1.25913075019804      9.14551850970678      h
   -6.86721999092797      1.42743484684907     -5.03451285853271      h
   -1.43498876051166      6.03184840799563     -0.82308036216388      h
   -3.18205774764353      2.88922766588785     -8.26901067963492      h
   -5.78895853957191      3.36881122411156     -0.43763086556023      h
    1.40475033372941     -6.02828667407065      0.81587606339199      h
    3.11567034373795     -2.91659905481405      8.28317345575073      h
   -0.25183449798788     -5.72990770856243      5.64291088950115      h
    4.32036072728016      4.16176041925423      6.22312475331444      h
    0.18299204117242      5.73839914489217     -5.66301398580165      h
   -4.27260410102825     -4.14517237981052     -6.29301440483660      h
  -.31758752305567D-03  -.66054084295963D-04  -.29924434673729D-03
  -.16885252516793D-03  0.14328828906331D-03  0.70935425949107D-04
  -.80168242556047D-04  -.25827421281358D-04  0.30767192326091D-04
  -.12064999606720D-04  -.10520825863750D-03  -.66491466026209D-04
  0.21003364754773D-04  -.82246287774689D-04  -.20406152034557D-04
  0.16547589627362D-03  0.30568934211358D-04  0.11868589017023D-03
  0.41381200900836D-04  0.22686092225845D-04  0.70323279628240D-05
  0.15668104975682D-04  0.43098250177456D-04  0.31060112478929D-04
  0.17286890333339D-03  0.67501936415803D-04  0.79907113997545D-04
  0.54409248846143D-04  -.46835528698259D-05  -.15142732612766D-05
  0.46671929833477D-04  -.29017088128373D-05  0.10279553854078D-04
  -.96763352857928D-04  0.90726097894212D-04  -.47143539916260D-04
  0.37098406836609D-03  0.15269382796624D-04  0.27744041854809D-03
  0.15420502413445D-03  -.11542764059607D-03  -.49404598382602D-04
  0.64904064545460D-04  0.37283048558342D-04  -.21727434168116D-04
  0.22229047329522D-05  0.95870444568089D-04  0.51599448380533D-04
  -.44763872017774D-04  0.52843335934058D-04  0.13610171072068D-04
  -.17116435761473D-03  -.37463579527170D-04  -.10237002369909D-03
  -.66227806254924D-04  -.10029628992753D-04  -.23199153997560D-04
  0.95069000625910D-05  -.44912092434294D-04  -.21121545032642D-04
  -.16573664789586D-03  -.50070860812138D-04  -.10091807524861D-03
  -.41926243652557D-04  0.20248296258535D-06  0.31387602939844D-04
  -.86225220565239D-05  0.36340422572383D-04  -.11804743396022D-04
  0.90393722477801D-04  -.84535705851805D-04  0.46777584237506D-04
  -.28447321270620D-04  0.75556242130439D-05  -.11435857183487D-04
  -.19969088635012D-04  0.17914743608564D-04  -.23848568182973D-04
  -.69829806381229D-05  0.16378417054784D-04  0.18779387367498D-04
  0.21719453013288D-04  -.11651478250500D-04  0.22836679111757D-04
  -.34011628900255D-05  0.36902536889760D-06  0.23200866174620D-04
  -.38817597621110D-04  -.10066531530065D-04  0.13196017769174D-04
  -.13504722195599D-05  -.70915258433535D-05  -.27595163556000D-04
  0.23137510695141D-04  -.82057652801405D-05  0.11366623374552D-04
  0.10481227187735D-04  -.15369492813972D-04  0.26205085195607D-04
  -.34897852599315D-04  0.32949592217083D-05  -.24128267878260D-04
  0.38406798160691D-04  0.10668031273483D-04  -.10511961832284D-04
  0.17398145856663D-04  0.89019448815048D-05  -.56894858489790D-04
  0.48323618620449D-04  0.38281223600143D-05  0.22386720836181D-04
  0.45580154166421D-05  0.41344103505294D-05  -.19685467685851D-04
  -.11416916127470D-04  0.27211732444611D-05  0.53622044899854D-04
  -.48410797977572D-04  -.93789938865617D-05  -.21607429406134D-04
  -.12820899764532D-04  0.40373309452416D-04  0.28306889216641D-04
  -.28789847039315D-04  -.17197634783635D-04  -.32893840750406D-05
  0.18791497353772D-04  -.35113676430639D-04  -.14517891790060D-04
  0.29615057474756D-04  0.72683738164837D-05  0.50999586850633D-05
  cycle =      8    SCF energy =     -851.7719954525   |dE/dxyz| =  0.000638
   -1.06024310012066      0.16640939130347     -3.10120892885136      y
   -2.07932960189802     -1.08896970396178      0.65291828527842      h
   -3.27534410067733      3.33961075477767     -6.25798992233825      c
   -5.22157846378912      2.58118951386850     -4.55924659294444      c
   -4.65857493907950      3.61683425332562     -2.14457861944620      c
   -2.36780752451812      5.00193938967219     -2.34125070976618      c
   -1.50128290481196      4.83147893293560     -4.88737028921660      c
   -0.78969413493425     -4.83088778999056     -3.96449221089356      c
    1.72191749465260     -3.91870436008520     -4.22077650180189      c
    1.81314054205941     -2.31153795325025     -6.38212202447262      c
   -0.65463640834339     -2.24426323012204     -7.45772577494101      c
   -2.26503899076228     -3.79440431727172     -5.95673553005836      c
    1.06209450432531     -0.16632534042214      3.10176601543845      y
    2.07930491377740      1.09037154876955     -0.65225993962561      h
    3.22318622841429     -3.36381752703862      6.27210081994894      c
    5.19047509381081     -2.61943959884806      4.59158194614786      c
    4.63897231265621     -3.64518602277326      2.17020941901812      c
    2.33412479027812     -5.01029412807541      2.34441177940747      c
    1.44765357034977     -4.83705556631587      4.88358178680780      c
    0.81050364825601      4.83845371441147      3.93122502792316      c
   -1.69945716327779      3.93384442230119      4.22458760196562      c
   -1.76796014639622      2.34161110614298      6.39772105834602      c
    0.71276873950163      2.27644558626809      7.44386259570466      c
    2.30814857391907      3.81264075571423      5.91255206902946      c
   -1.48119211282002     -6.09793686338402     -2.49061068984889      h
    3.31292998621285     -4.37846965477543     -2.99771171779822      h
    3.49070544646809     -1.36117281477560     -7.12028249093828      h
   -1.20690376120647     -1.21763626567566     -9.15901765230197      h
    5.78764632191773     -3.40671841002402      0.47379597238691      h
    6.84292532113463     -1.48373974855396      5.08350743509715      h
   -3.43869450456543      1.40072547478458      7.16298748229493      h
    1.48687436027314      6.09257168889305      2.43952094335430      h
   -3.30397669371500      4.38791756024082      3.01692220182699      h
    1.28337710590237      1.26158290196989      9.14615271348728      h
   -6.86829672681206      1.43036818087474     -5.03487185501815      h
   -1.43659755940502      6.03444189281516     -0.82300559886731      h
   -3.18305186282042      2.89193378132727     -8.26934158151892      h
   -5.79010751059785      3.37115277478013     -0.43775900077095      h
    1.40653318025262     -6.03116332382465      0.81609937286046      h
    3.11720770919515     -2.91900195659842      8.28345732223516      h
   -0.24974733564688     -5.73372116609984      5.64316421644274      h
    4.31923112314300      4.16382599869966      6.22281390107842      h
    0.18138396679344      5.74212341778504     -5.66302934736879      h
   -4.27158938709611     -4.14702729979427     -6.29355298729283      h
  -.26371609932158D-03  -.49930524740513D-04  -.15687079274371D-03
  -.16065800673534D-03  0.12661004935547D-03  0.86587908962714D-04
  -.55168165659846D-04  0.11975902586228D-04  0.42584226110459D-04
  0.26201891749009D-04  -.18093764860547D-04  -.33675327372784D-04
  0.18734283132144D-04  -.38536433121700D-04  -.19949561572432D-04
  0.56516478181612D-04  0.26288286313791D-04  0.70804876718603D-04
  0.96294211542415D-05  0.30340542995466D-04  -.24563465168011D-04
  0.74675463505901D-05  0.23876664124700D-04  0.19588317573790D-04
  0.91942101887293D-04  0.13637043189963D-04  0.50587456708019D-04
  0.44927735319587D-04  -.11858013938193D-04  -.40266864658360D-04
  0.67651095761173D-04  -.47569331386425D-04  0.58452342054814D-05
  0.18997210102093D-04  0.48066575506729D-04  -.53208313261638D-04
  0.30878301698361D-03  0.11042222438275D-04  0.14356530661346D-03
  0.14576669549623D-03  -.10267865817779D-03  -.65196216919251D-04
  0.49138086959491D-04  -.22333074955854D-05  -.40038953947593D-04
  -.35533664568205D-04  0.57796342431353D-05  0.23014563894987D-04
  -.31965479629552D-04  0.19668259082868D-04  0.17974985235383D-04
  -.75204736560556D-04  -.31867577229544D-04  -.58629830031904D-04
  -.29505454062752D-04  -.18276083616237D-04  0.13963918977016D-04
  0.61787960327697D-05  -.28635112522696D-04  -.11255385877145D-04
  -.91582614267539D-04  0.95845659102415D-05  -.60885355385898D-04
  -.37673149599925D-04  0.18665968427452D-04  0.62140348717553D-04
  -.35386238956857D-04  0.66627641023416D-04  -.10335057188029D-04
  -.16890448078405D-04  -.54339191995905D-04  0.41253839171342D-04
  -.20411206928507D-04  0.20037586569781D-05  -.48165792251217D-05
  0.59685992562936D-05  0.44462082794261D-05  -.61053501915693D-05
  0.37301110813015D-05  0.27447526012034D-05  0.50466156155365D-05
  0.19056152890493D-04  0.99164287984644D-06  -.29530140759039D-05
  -.31503079545253D-06  -.30183718559530D-05  0.12876619995442D-04
  -.14148908825827D-04  -.13004938616343D-04  0.15426287588507D-04
  -.88200521346228D-05  0.35842524253716D-05  -.97030273841892D-05
  0.16616683188016D-04  -.21578644789131D-05  0.18231062591230D-05
  -.74037724407111D-05  -.54123346104492D-05  0.97665588561963D-05
  -.26505132155746D-04  -.34600044005396D-05  0.40565876735094D-05
  0.14684043608867D-04  0.14792577296534D-04  -.14021098482875D-04
  0.23474417412234D-04  0.14058240073434D-04  -.26875116182487D-04
  0.40080969471781D-04  0.54488508617044D-05  -.81008715408122D-05
  0.19590448669022D-05  0.52062660188594D-05  -.11010139330891D-04
  -.17044239210754D-04  -.10497511861342D-04  0.27983796278632D-04
  -.40680496733745D-04  -.78785865751882D-05  0.88083696508584D-05
  -.14156609084473D-04  0.19062803914289D-04  0.26761961210275D-04
  -.12196208629371D-04  0.51775110765185D-06  0.69359174642322D-05
  0.17335251413529D-04  -.14826492453871D-04  -.16485230438004D-04
  0.14067741540674D-04  -.52612910147828D-05  -.55685061806634D-05
  cycle =      9    SCF energy =     -851.7719977920   |dE/dxyz| =  0.000523
   -1.05834460779377      0.16743728999082     -3.10173631216015      y
   -2.07897971156812     -1.08946632155613      0.65114282133729      h
   -3.27552728677200      3.33990100091161     -6.25814420139497      c
   -5.22094451056659      2.58142932571792     -4.55846925772710      c
   -4.65733269262575      3.61757568967043     -2.14424756662680      c
   -2.36703837028222      5.00301114383328     -2.34206712422920      c
   -1.50131100208920      4.83237624962982     -4.88842993644632      c
   -0.78851563699513     -4.83046955899376     -3.96407033463548      c
    1.72291593071960     -3.91851416489152     -4.22165063351749      c
    1.81341306207149     -2.31176728623953     -6.38335365999542      c
   -0.65482729973582     -2.24459279125838     -7.45790899025773      c
   -2.26455704642026     -3.79435911220689     -5.95585647465198      c
    1.06048869066389     -0.16716824825859      3.10217657029658      y
    2.07956988653510      1.09036147549255     -0.65079230343132      h
    3.22306009567474     -3.36420015493358      6.27236577410615      c
    5.18986841772391     -2.61969931157403      4.59131398866323      c
    4.63817137313266     -3.64571224118240      2.17018938835062      c
    2.33371902455613     -5.01114632828246      2.34504452485685      c
    1.44761332638114     -4.83794227997278      4.88433531255610      c
    0.80935131318801      4.83814745183854      3.93097781440395      c
   -1.70043012681793      3.93368353515039      4.22519864276604      c
   -1.76851871754081      2.34168580787140      6.39851251230850      c
    0.71249560042067      2.27657708218695      7.44398812920046      c
    2.30739734984439      3.81259149991996      5.91200579476333      c
   -1.47921347710539     -6.09723286224838     -2.48959566265062      h
    3.31441784131602     -4.37837731710523     -2.99918856356488      h
    3.49098182280419     -1.36247331355937     -7.12287496530835      h
   -1.20775481750279     -1.21858037448500     -9.15937353345823      h
    5.78641737320703     -3.40726026257457      0.47350526836029      h
    6.84241538655305     -1.48394000853482      5.08285177332421      h
   -3.43925520555665      1.40165792828467      7.16482250519718      h
    1.48516538584226      6.09212131487760      2.43892572589229      h
   -3.30519346952761      4.38784485879637      3.01782418297517      h
    1.28360033671036      1.26235869496711      9.14651358322346      h
   -6.86781594543591      1.43047875273769     -5.03333198308233      h
   -1.43556822322646      6.03570617051038     -0.82407048015898      h
   -3.18446594227333      2.89235532290828     -8.26959745924557      h
   -5.78809742177174      3.37194250484164     -0.43693297683477      h
    1.40612015122032     -6.03220138505730      0.81680238283689      h
    3.11792098835368     -2.91955283141279      8.28382112060659      h
   -0.24916419354761     -5.73560985616878      5.64413123900216      h
    4.31852760401121      4.16400526524731      6.22185077909727      h
    0.18050189547112      5.74399495795034     -5.66479625808394      h
   -4.27127715124611     -4.14697731283867     -6.29181115666307      h
  -.19302564993359D-03  -.17816758494249D-04  -.13444269463564D-03
  -.14679553216677D-03  0.12298628855390D-03  0.81089422227730D-04
  -.38143299943676D-04  0.76800314426115D-05  0.45196964914338D-04
  0.56117386576285D-04  0.38976062173798D-05  0.10522564314320D-04
  0.40025634762452D-04  -.12447057344793D-04  -.22625062620236D-04
  0.48156578978863D-05  0.30159886529802D-05  0.23061843508182D-04
  -.22632659107665D-05  0.12267081841493D-04  -.38345053683448D-04
  0.12802654870737D-04  0.34639465135015D-04  0.30313001835275D-05
  0.35044395311105D-04  -.65989831391323D-06  0.28073800135242D-04
  0.32055823632403D-04  0.61376581782452D-05  -.48121190821540D-04
  0.48617657300472D-04  -.53367222588406D-04  0.12598961254669D-04
  0.78052783367270D-04  0.37596165652699D-04  -.17542459496390D-04
  0.23831086853350D-03  -.15713109912105D-05  0.12127509103223D-03
  0.13482911886939D-03  -.10844034325520D-03  -.61697051059243D-04
  0.25717806344854D-04  -.17877941742112D-05  -.43581001537822D-04
  -.65534739750771D-04  -.22987534958538D-04  -.13510607489468D-04
  -.42016351295354D-04  0.37092948388371D-05  0.20178231954201D-04
  -.26803205226770D-04  -.40891585703050D-05  -.13175598115907D-04
  -.13760415071365D-04  -.99061676359291D-06  0.36086808303085D-04
  -.20599565602129D-05  -.33847281309767D-04  -.25689886437299D-06
  -.28307345722696D-04  0.21659005988657D-04  -.28554337499679D-04
  -.29730147362055D-04  0.68370910281519D-05  0.53738767672413D-04
  -.33932044544313D-04  0.55409282224489D-04  -.14341161967172D-04
  -.71770802136290D-04  -.43869612300827D-04  0.96735665433564D-05
  -.36963886817006D-05  0.22184421552216D-05  -.54530023485521D-06
  0.14876099847238D-04  -.23593397535502D-05  -.60095331416109D-05
  0.74776241942796D-05  -.15079478536153D-04  -.72667175734092D-05
  0.16001977880911D-04  -.37579572616201D-05  -.89843269659936D-05
  -.68088954595159D-05  -.68637240692752D-05  0.11888021784591D-04
  -.46366480334240D-05  -.14957101190279D-04  0.11894355364314D-04
  -.98024810948416D-05  0.16418870199590D-04  0.30092171246721D-05
  0.49960563797362D-05  -.27133589276333D-05  0.12007310650058D-05
  -.12801224016062D-04  0.44341136834465D-06  0.30277982820152D-05
  -.20436379160164D-04  0.42934073434729D-05  0.11911169114608D-04
  0.46979670902887D-05  0.14543350760490D-04  -.92384141466080D-05
  0.22303704042136D-04  0.10508464272332D-04  -.16786429389951D-04
  0.20070487035813D-04  0.10847599566934D-04  -.15225571809242D-04
  0.10984686523152D-04  0.76633057528988D-05  -.82119013336087D-05
  -.18473612009234D-04  -.11707048204675D-04  0.13772806703156D-04
  -.23919421406718D-04  -.11285480984107D-04  0.15347117675020D-04
  -.83354299589322D-05  0.54260843498089D-06  0.18506854079044D-04
  -.60611343419796D-05  0.73750727986271D-05  0.83951316539686D-05
  0.77251802997264D-05  0.29743782912001D-05  -.16107962785332D-04
  0.58702557769371D-05  -.65964029889358D-05  -.33274467568081D-05
  cycle =     10    SCF energy =     -851.7719982550   |dE/dxyz| =  0.000456
   -1.05772916651371      0.16769916215289     -3.10180156957221      y
   -2.07879639099020     -1.09051028085789      0.64998387115227      h
   -3.27482619380040      3.34021207920663     -6.25830060855778      c
   -5.22046323650770      2.58181786800485     -4.55874137023631      c
   -4.65716385818665      3.61787810679275     -2.14445483226534      c
   -2.36694655265734      5.00324755036019     -2.34214740944954      c
   -1.50078794990176      4.83268294778795     -4.88832256455256      c
   -0.78848219380788     -4.83050668022816     -3.96433172151292      c
    1.72289917423949     -3.91872655689195     -4.22184707430843      c
    1.81369489173230     -2.31174390939476     -6.38333470464872      c
   -0.65454271299480     -2.24426270811589     -7.45798840794106      c
   -2.26433587620811     -3.79417330720830     -5.95605351353863      c
    1.05890284758117     -0.16794231096854      3.10257046040388      y
    2.07887002978146      1.08999532786318     -0.64956857319847      h
    3.22347878395747     -3.36398067867546      6.27256881893739      c
    5.18960006078279     -2.61938819232029      4.59065923818844      c
    4.63738464569834     -3.64594169787757      2.16992585909092      c
    2.33336688820521     -5.01176030997956      2.34585428722684      c
    1.44793911973161     -4.83839214144024      4.88533691983902      c
    0.80828494641811      4.83787036704085      3.93046019347932      c
   -1.70122147806157      3.93337782088117      4.22593583948581      c
   -1.76846383687586      2.34169339537493      6.39945181251945      c
    0.71304424452899      2.27680333179629      7.44391536811677      c
    2.30719792821658      3.81271246646853      5.91095324983765      c
   -1.47912864092395     -6.09730616237665     -2.48987978404742      h
    3.31415864911758     -4.37887002637555     -2.99912332598794      h
    3.49153827988300     -1.36283932136720     -7.12273746512009      h
   -1.20739812641494     -1.21810624694363     -9.15938286757296      h
    5.78497760386956     -3.40759385126245      0.47279813094192      h
    6.84199753185319     -1.48303737224285      5.08140298627193      h
   -3.43895196228068      1.40202041299188      7.16674068793088      h
    1.48326129618134      6.09162612267409      2.43785826595765      h
   -3.30632684013639      4.38743054415323      3.01893564359129      h
    1.28505867925574      1.26298080621429      9.14636488128991      h
   -6.86723514605267      1.43076647020087     -5.03377553516273      h
   -1.43577637276735      6.03560301746562     -0.82370380221644      h
   -3.18385411836423      2.89273397934878     -8.26976541455268      h
   -5.78809157959079      3.37224804804131     -0.43726265599807      h
    1.40558035225818     -6.03299034683388      0.81780349174576      h
    3.11921095987319     -2.91896502490965      8.28398354954250      h
   -0.24836892514870     -5.73665766876483      5.64547777179995      h
    4.31852084731992      4.16405174293125      6.21974865258380      h
    0.18107536679784      5.74460947706185     -5.66421990432838      h
   -4.27115196909761     -4.14636624977800     -6.29198687516477      h
  -.15586937054595D-03  -.43071228221742D-05  -.10603675140642D-03
  -.11992852635366D-03  0.12154316755241D-03  0.68244282654531D-04
  -.23211896562416D-05  0.46883922579397D-05  0.15991548216387D-04
  0.54606098453700D-04  0.39534361158873D-04  0.33628198722076D-04
  0.43559862806097D-04  0.10280478798359D-04  -.10396559030012D-04
  -.36361790870983D-04  -.22020860023622D-04  -.36600500209928D-04
  0.37180557091071D-05  -.24240073963237D-05  -.23682842670967D-04
  0.22818668870290D-04  0.31349737766212D-04  -.10260070359056D-04
  -.23190983206615D-04  -.10391927395261D-04  -.55263805681835D-05
  0.36696806766312D-04  0.16803099637583D-04  -.25032682097826D-04
  0.41935465710358D-04  -.21825010990611D-04  -.85188145537763D-05
  0.11215124550879D-03  -.10490263116327D-05  0.39505310412103D-06
  0.15852630487331D-03  -.14684183533914D-04  0.10437330910089D-03
  0.11907735607604D-03  -.11617625927074D-03  -.54864548688342D-04
  0.13799556669265D-04  -.59737948753243D-06  -.22404705702255D-04
  -.66024736079770D-04  -.35206915774453D-04  -.50626687552152D-04
  -.62358333055981D-04  -.12522957253174D-04  0.82626315771887D-05
  0.44222347549744D-05  0.88204683350901D-05  0.41642357807893D-04
  0.33469623809842D-06  -.74617062969203D-06  0.51277746047153D-04
  -.26752435797430D-04  -.42669239395540D-04  0.49602559365073D-05
  0.16640654723370D-04  0.18165807319567D-04  0.16263803967223D-04
  -.33677528860744D-04  0.11663584583645D-04  0.39231850949412D-04
  -.18408370946201D-04  0.39920376790096D-04  0.67336186186008D-05
  -.89444222927479D-04  -.12701902494003D-04  -.28092486692077D-04
  0.15082368864588D-05  0.90587626743772D-06  -.23058342662115D-05
  0.11165407781260D-04  -.10326571092037D-04  0.13078515649516D-04
  0.15697321526195D-04  -.19645430666701D-04  0.72802535158659D-06
  0.18578769366950D-04  0.14648232407799D-05  -.70454465995077D-05
  -.13903730803345D-04  -.10724531966196D-04  0.69796429707163D-05
  -.27735272161329D-05  -.30546305275674D-05  0.27245104061989D-05
  -.98117834756988D-05  0.19986772759195D-04  0.11388547855688D-04
  -.85079341987027D-05  -.33250354561219D-05  -.57404112007531D-05
  -.11184731826797D-04  0.52538712815848D-05  -.33530613769644D-05
  -.75211674948298D-05  0.87952895002916D-05  0.82445242814273D-05
  0.39274421163851D-05  0.11582842108561D-04  -.11959494860124D-04
  0.14627898540462D-04  0.38067596559260D-06  0.92713302794815D-05
  0.15387234631089D-04  0.95569417749684D-05  -.13933954601589D-04
  0.63905906059742D-05  0.89442948347268D-05  -.12621420275870D-04
  -.14754517110617D-04  -.80875366370655D-05  0.32683506346816D-05
  -.77690126313165D-05  -.30637940746158D-05  0.13130940525683D-04
  -.75128271479802D-05  -.11436757424042D-04  0.86150808107360D-05
  0.23270271685006D-05  0.39625236156795D-05  -.24814079471199D-05
  0.13615324680558D-04  0.93314192674813D-05  -.50264624337285D-06
  0.14536223789199D-05  0.11577360820860D-05  -.63755375696569D-05
  cycle =     11    SCF energy =     -851.7719972727   |dE/dxyz| =  0.000487
   -1.05658275148188      0.16821251927683     -3.10202282611361      y
   -2.07725823317572     -1.09137783717978      0.64864100274819      h
   -3.27501632553581      3.34000201540265     -6.25833462286744      c
   -5.22026009004414      2.58174325685072     -4.55815046000167      c
   -4.65657522411539      3.61819474271975     -2.14415978138224      c
   -2.36661549047805      5.00365994736295     -2.34267379700787      c
   -1.50083923779161      4.83284502999827     -4.88887586643007      c
   -0.78817677240923     -4.83046578966391     -3.96410136236928      c
    1.72300549970047     -3.91878762119215     -4.22253846238555      c
    1.81326759785687     -2.31188874716732     -6.38403182706265      c
   -0.65537337816558     -2.24430782854084     -7.45792585130316      c
   -2.26466605857075     -3.79421993275173     -5.95531101591410      c
    1.05859294019527     -0.16801745611122      3.10246580370490      y
    2.07874923085276      1.09016770323819     -0.64889539582277      h
    3.22279953880778     -3.36406312100485      6.27283985527758      c
    5.18938955491446     -2.61944254827772      4.59134311552438      c
    4.63784799569435     -3.64587103946761      2.17042806858376      c
    2.33393087636772     -5.01169653517006      2.34590030716545      c
    1.44770489208478     -4.83850449090265      4.88504763959686      c
    0.80828330098844      4.83811040256907      3.93071334400649      c
   -1.70109563535304      3.93352122317246      4.22585970945093      c
   -1.76872305243685      2.34146452048541      6.39898104018824      c
    0.71269602438389      2.27640627060151      7.44379632461816      c
    2.30695692769077      3.81275504541295      5.91121231413370      c
   -1.47820667457250     -6.09704272416037     -2.48917773001582      h
    3.31435879058955     -4.37887608689203     -2.99987545047512      h
    3.49103772534005     -1.36313594438583     -7.12380338643280      h
   -1.20885241618088     -1.21811776451678     -9.15907609092134      h
    5.78583149714807     -3.40748822649635      0.47357931543935      h
    6.84141094511794     -1.48267720763834      5.08246268376941      h
   -3.43935760372234      1.40163089091459      7.16575791429653      h
    1.48327755932964      6.09205362156755      2.43828579396631      h
   -3.30578073638271      4.38782571465498      3.01836375044560      h
    1.28473973537271      1.26219895184257      9.14598912560995      h
   -6.86677447148283      1.43003543432025     -5.03256629114207      h
   -1.43541136596199      6.03595665780551     -0.82419058004517      h
   -3.18460317938388      2.89201671958092     -8.26969158909241      h
   -5.78711734155403      3.37275779845569     -0.43669768056222      h
    1.40663930901430     -6.03247283273381      0.81720725726307      h
    3.11818211126157     -2.91880276593447      8.28416739867146      h
   -0.24896423124314     -5.73693614068393      5.64418589725858      h
    4.31837154633930      4.16364245089652      6.22002953669102      h
    0.18093130605530      5.74485957317012     -5.66486799304292      h
   -4.27175463506386     -4.14586784942763     -6.29028913801975      h
  -.95468355653124D-04  0.17901455485235D-04  -.76603995181711D-04
  -.88159333730678D-04  0.11820314178250D-03  0.52958575681764D-04
  0.86561379411497D-05  0.42172731496950D-05  -.20441983868381D-04
  0.43815841015885D-04  0.62787474258141D-04  0.74180049955538D-04
  0.67248025044233D-04  0.36137868291871D-04  0.13813189292286D-04
  -.57902256469477D-04  -.36733476838752D-04  -.11583386059519D-03
  -.10741824171955D-04  -.37382975128557D-05  -.15902145909576D-04
  0.57914955788086D-04  0.38977205347070D-04  -.19853723750644D-04
  -.72058323980347D-04  -.65946316575080D-05  -.55747846840411D-04
  0.35698909207986D-04  0.17382051195701D-05  -.13925472275635D-04
  0.17390142276592D-04  0.27151425511998D-06  -.42681062616707D-04
  0.12667722555532D-03  -.45350256016957D-04  0.43556607789218D-04
  0.11964744570091D-03  0.48756510794496D-06  0.70808633053585D-04
  0.91128356848419D-04  -.12765982722630D-03  -.44734439228664D-04
  -.35152395791011D-04  -.14026515705443D-04  0.13468776987404D-04
  -.46306792179237D-04  -.77844072508612D-04  -.57515119498777D-04
  -.60627340722926D-04  -.38249212841108D-04  -.66688208433594D-05
  0.45227776472023D-04  0.39334950013192D-04  0.10734931189890D-03
  -.12810792206603D-05  0.13147650666068D-04  0.30198082034226D-04
  -.50159133871064D-04  -.29769801500567D-04  0.18530525192359D-04
  0.84157136248793D-04  0.62111910433741D-05  0.67507845602811D-04
  -.44060141185467D-04  0.15299781802961D-04  -.21180149005553D-04
  -.36828763074686D-04  -.49784394502532D-05  0.40511959990668D-04
  -.10596064623545D-03  0.45311711907286D-04  -.28187238199909D-04
  0.14471160447660D-04  0.39015084918333D-05  0.59994214182156D-05
  0.75542038364613D-05  -.15980945435121D-04  0.23258024480711D-04
  0.18322325238885D-04  -.19225740075187D-04  0.49629769923360D-05
  0.10998773512322D-04  0.25817016942111D-05  0.19312505808420D-05
  -.42949274258303D-05  -.12108084777117D-04  0.16277220624357D-04
  -.67812935736470D-05  0.38791662739836D-05  0.93267647951007D-05
  -.15549207582051D-04  0.11623118316687D-04  -.62150496057882D-05
  -.63851638937485D-05  0.54535282291008D-06  0.60885513227939D-06
  0.39190966665527D-05  0.15461445697290D-04  -.30998006893183D-04
  -.78542955277238D-05  -.85541867110128D-06  -.48787815679983D-06
  0.66295577373744D-05  -.53384225671961D-05  -.24089408996058D-05
  0.37371026171871D-05  -.93993696981990D-05  0.23686024161355D-04
  0.33346695200884D-05  -.23012778341085D-05  -.58992286608308D-05
  0.10955991953649D-04  0.12499858674498D-04  -.11001559441935D-04
  -.26629380664041D-05  0.77611884612652D-05  -.28186718010204D-04
  -.11453697299429D-04  0.66749097099428D-05  0.85166160202119D-05
  -.22397849522773D-04  -.12822784774243D-04  -.22748435076293D-04
  0.60241673999606D-05  -.64974370697170D-05  0.27037557690549D-05
  0.17053750321985D-04  0.10194316014890D-04  0.89325553690252D-05
  -.75023242036244D-05  0.13259364490461D-04  0.51467476675928D-05
  cycle =     12    SCF energy =     -851.7719981081   |dE/dxyz| =  0.000395
   -1.05604166586824      0.16836938695646     -3.10194397116542      y
   -2.07633799708723     -1.09280165452746      0.64734765747868      h
   -3.27428997686462      3.33988590017798     -6.25850961850577      c
   -5.21989980148206      2.58168175256753     -4.55865358958877      c
   -4.65664558369282      3.61827505695624     -2.14456037764407      c
   -2.36651490753147      5.00368260550071     -2.34271074034965      c
   -1.50028561512449      4.83276047344564     -4.88874705336704      c
   -0.78860836092662     -4.83060603128976     -3.96437607680033      c
    1.72269160089292     -3.91900432408870     -4.22259605005553      c
    1.81311163277246     -2.31176705522789     -6.38382100245402      c
   -0.65557790309098     -2.24382372836951     -7.45776092973296      c
   -2.26507307405150     -3.79387696719577     -5.95540101068243      c
    1.05738293967718     -0.16846801497999      3.10259500825078      y
    2.07773059062248      1.09022453964497     -0.64775058826581      h
    3.22289396173689     -3.36360908702683      6.27299686178958      c
    5.18922665882481     -2.61876016114307      4.59122682401429      c
    4.63764311928458     -3.64565586660018      2.17045594403140      c
    2.33388390858831     -5.01183981649358      2.34628722199082      c
    1.44787782509981     -4.83853785701518      4.88550783357336      c
    0.80783436854412      4.83806630056678      3.93060165240619      c
   -1.70147694531752      3.93327957552611      4.22636047335003      c
   -1.76843298292098      2.34116820767074      6.39945863234558      c
    0.71334853051171      2.27617914497899      7.44359658836583      c
    2.30718956811063      3.81265928234728      5.91061233877423      c
   -1.47870132390275     -6.09722834873532     -2.48952348471224      h
    3.31372705833499     -4.37928708985030     -2.99964217705588      h
    3.49100511426963     -1.36295549650222     -7.12323315087654      h
   -1.20893495364028     -1.21746221201919     -9.15882319200401      h
    5.78534693835129     -3.40717830018036      0.47343636319228      h
    6.84097776792923     -1.48152345647637      5.08211224934202      h
   -3.43882373818364      1.40123157263803      7.16662378467985      h
    1.48234213887980      6.09197593405807      2.43793554317114      h
   -3.30632396770211      4.38766554200173      3.01913912935867      h
    1.28597957268208      1.26202897664919      9.14560569858422      h
   -6.86619867886430      1.42981458976493     -5.03339370654219      h
   -1.43578968608110      6.03593372020189     -0.82393874346704      h
   -3.18364765332313      2.89173148245174     -8.26979891350317      h
   -5.78748173755934      3.37283622451568     -0.43730087025575      h
    1.40671137581502     -6.03274543262722      0.81763285954815      h
    3.11861136078391     -2.91808055908115      8.28425936604218      h
   -0.24869038045083     -5.73717445901592      5.64461179801591      h
    4.31871920997290      4.16332276831365      6.21881409138603      h
    0.18174675289065      5.74470293385752     -5.66424205264475      h
   -4.27220506090961     -4.14509005234581     -6.29049062001796      h
  -.53253071397319D-04  0.27454082862191D-04  -.40048696099828D-04
  -.48463648030122D-04  0.11638538165620D-03  0.30952560521697D-04
  0.25541591651928D-04  -.40097337350498D-05  -.43094501944670D-04
  0.60854552626982D-05  0.44549715101740D-04  0.50007025571032D-04
  0.21070026794605D-04  0.52984746075878D-04  0.34266490170341D-04
  -.42717431033095D-05  -.15010154105918D-04  -.11066037757580D-03
  0.86383454538299D-05  -.11616143910289D-04  -.69165144720215D-05
  0.44234963035151D-04  -.32000647517870D-05  -.23746821171982D-04
  -.25448835719161D-04  -.26514465593286D-06  -.52409601478663D-04
  0.46384614429802D-04  0.13844068118927D-04  0.69048208446555D-05
  0.78169139200756D-05  0.29745891364609D-04  -.55073183583094D-04
  0.79672763393306D-04  -.56658338992187D-04  0.35463421814130D-04
  0.38206231778329D-04  -.80871437200769D-06  0.47275271523231D-04
  0.61824186806330D-04  -.13685872242788D-03  -.31205093428183D-04
  -.31456570901739D-04  -.71898910291086D-05  0.37360949471135D-04
  -.11220472668727D-04  -.40758527049290D-04  -.50987126146408D-04
  -.35872838153837D-04  -.48916414221549D-04  -.31948195612418D-04
  -.60289051312817D-05  0.99606342217678D-05  0.10563393438344D-03
  -.48763437921236D-05  0.62376604541996D-05  0.45140671291204D-04
  -.48179663180632D-04  0.59930136307990D-05  0.79240526478164D-05
  0.34169814491297D-04  -.13921843950248D-04  0.71349811233598D-04
  -.46844408660505D-04  0.10566509788384D-04  -.23408712416177D-04
  -.17046477641361D-04  -.23672140522390D-04  0.51775294424924D-04
  -.50804174477138D-04  0.54442274325939D-04  -.36969645202448D-04
  0.11532476239588D-04  0.24797335952812D-05  0.23388879188267D-05
  -.18407461447213D-04  -.13251250498705D-04  0.32387523055748D-04
  0.22986965488017D-04  -.14731187146031D-04  0.20307903223854D-04
  0.16247292123706D-04  0.18927966026638D-05  0.42660580680051D-05
  -.96008387423853D-05  -.10442989967669D-04  0.14169273743973D-04
  -.10952986913756D-04  0.72111667603719D-05  0.65168861139284D-05
  -.12215148858224D-04  0.95630589855053D-05  -.58578982861556D-05
  -.11470333447466D-04  -.19918286606552D-05  -.16618902417429D-05
  0.15431571384070D-04  0.17477710966602D-04  -.26525441591304D-04
  0.10750489725517D-05  0.38122051340171D-05  -.46475280366269D-05
  0.11947058495570D-04  -.38244971759829D-05  -.11816310923527D-04
  -.13675470327087D-04  -.18929384779516D-04  0.28595991726652D-04
  0.38362461839231D-05  -.61174066823794D-05  -.16627564211912D-05
  0.45050805666885D-05  0.96693867611408D-05  -.19296722720655D-04
  0.63461476976549D-05  0.14061205195271D-04  -.23879493178854D-04
  0.24355557502410D-05  0.12308438793275D-04  0.23947592926713D-05
  -.23477260340671D-04  -.13565378754599D-04  -.31118522798801D-04
  0.32239242302749D-05  -.13443240356650D-04  -.15298281318995D-05
  0.24792612467953D-04  0.82777102485711D-05  0.25390459592645D-04
  -.23424503719246D-05  0.20231931014772D-04  -.56428430521399D-05
  cycle =     13    SCF energy =     -851.7719977596   |dE/dxyz| =  0.000337
   -1.05517305251415      0.16863070413207     -3.10185733243228      y
   -2.07494445454935     -1.09442719602129      0.64586331182910      h
   -3.27384972200432      3.33971396473471     -6.25848906080682      c
   -5.21958138289876      2.58147901352166     -4.55882128140283      c
   -4.65650076128889      3.61833104238637     -2.14470937776536      c
   -2.36624006195075      5.00386368056043     -2.34268241278555      c
   -1.49994267454112      4.83274925256291     -4.88872573715502      c
   -0.78908739415857     -4.83073527616753     -3.96456411956091      c
    1.72241399962279     -3.91927919318054     -4.22294546070473      c
    1.81258162592528     -2.31177880115046     -6.38400934403010      c
   -0.65629238078754     -2.24347378755340     -7.45754249931837      c
   -2.26583065301953     -3.79352547985895     -5.95523072978767      c
    1.05652651796465     -0.16880608806199      3.10245730686380      y
    2.07679274636553      1.09098373726053     -0.64664042437623      h
    3.22264848008120     -3.36325784339197      6.27323996978793      c
    5.18912600828876     -2.61811109743351      4.59180560011597      c
    4.63805229966250     -3.64534334234969      2.17097501478515      c
    2.33434161927842     -5.01194852307900      2.34646141426642      c
    1.44801821427845     -4.83856134897294      4.88560528867099      c
    0.80773978447332      4.83813148104302      3.93056310306469      c
   -1.70166772047272      3.93316454455823      4.22633524151412      c
   -1.76827400432676      2.34083871626527      6.39934136079595      c
    0.71363542739806      2.27582601948417      7.44321453478984      c
    2.30737934943026      3.81248767172972      5.91033287255376      c
   -1.47914965984281     -6.09734414495652     -2.48967981727943      h
    3.31352004222945     -4.37989057387686     -3.00023052499949      h
    3.49041445802000     -1.36292814000041     -7.12350761130238      h
   -1.20972804476516     -1.21704637936771     -9.15853205290784      h
    5.78590998521481     -3.40667186094121      0.47407563052359      h
    6.84061387508113     -1.48068648704110      5.08302916037685      h
   -3.43855059339305      1.40078281200179      7.16660288822202      h
    1.48216956966905      6.09209494561731      2.43790261639822      h
   -3.30659026673456      4.38773689047027      3.01930751034816      h
    1.28638106893347      1.26169129695849      9.14518264739289      h
   -6.86577934657101      1.42959538805680     -5.03376019314707      h
   -1.43579129207191      6.03642850682187     -0.82397669446551      h
   -3.18308344946955      2.89143545459812     -8.26973707935629      h
   -5.78742114016022      3.37284169307496     -0.43749802241792      h
    1.40761583596922     -6.03319401784263      0.81780293204848      h
    3.11811677318173     -2.91768646256298      8.28446691694283      h
   -0.24855723346807     -5.73734926412068      5.64450708407074      h
    4.31888238445418      4.16311443074468      6.21855137879474      h
    0.18212553049351      5.74466116309910     -5.66417616016690      h
   -4.27297030702719     -4.14453710175105     -6.29030784798763      h
  -.73115253504222D-05  0.29639860743704D-04  0.29240094489118D-05
  -.10973312223043D-04  0.11411667596801D-03  0.13370611904254D-04
  0.14042482767736D-04  -.10226896348458D-04  -.36730232636822D-04
  -.36254680150641D-04  0.94673194963752D-05  0.10960241400103D-04
  -.11296713829264D-04  0.48216025232245D-04  0.45444381926134D-04
  0.72622782814142D-04  0.28460187381647D-04  -.68844483286199D-04
  0.13418835979749D-04  -.18561779028811D-04  -.19877640585821D-04
  0.20637668571931D-04  -.32826190991816D-04  -.71131126319767D-05
  0.51287290821478D-04  0.24155381466851D-04  -.30885964689354D-04
  0.35826654078262D-04  0.24211200915911D-04  0.76455950824826D-05
  0.38917418118852D-05  0.25036233953590D-04  -.40358772274375D-04
  0.13539453739155D-04  -.48073390955465D-04  0.33413410941528D-05
  -.10779223137391D-04  0.98229526369251D-05  0.41670923244078D-05
  0.28179870893231D-04  -.13904267448022D-03  -.18561497399859D-04
  -.24974742353392D-04  -.41842536272069D-05  0.33436277373207D-04
  0.31654288320894D-04  -.15045678593224D-04  -.18655739923558D-05
  0.58819286151801D-05  -.47488476214107D-04  -.37922532132475D-04
  -.79220892915954D-04  -.30355093279893D-04  0.61140045025566D-04
  -.18129424733803D-04  0.19873994874761D-04  0.47898932888441D-04
  -.24443415113497D-04  0.39166044268059D-04  -.61390500399218D-05
  -.42388049263709D-04  -.30379112971030D-04  0.39656244269780D-04
  -.33843076527501D-04  -.29806298930901D-05  -.28718207124200D-04
  -.18138036879207D-04  -.25176926186869D-04  0.39727792572957D-04
  0.91724401999679D-05  0.45467734429758D-04  0.49610511648439D-05
  0.73680123823463D-05  0.34533375889909D-05  0.34098412784389D-05
  -.22309899486216D-04  -.13717803770049D-04  0.22634100193021D-04
  0.19433672631860D-04  -.12326001489531D-04  0.25629235055731D-04
  0.14903352643576D-04  -.46706032211306D-05  0.27177744819546D-05
  -.77721775895992D-05  -.79586976525761D-05  0.16621399008754D-04
  -.12571440757698D-04  -.46267364608660D-05  0.15157831351207D-04
  -.10512464058457D-04  0.98808072461236D-05  -.14914909246640D-04
  -.32636602230121D-05  -.32775589815080D-05  0.21960944125712D-06
  0.26176174200178D-04  0.17113127451820D-04  -.25208703118996D-04
  -.29427325579455D-05  0.87753982474169D-05  -.27958436659382D-05
  0.14120499978302D-04  0.41990598794144D-05  -.17339675719135D-04
  -.16179455684267D-04  -.17223986457433D-04  0.20581553309292D-04
  -.82463251224693D-06  -.70533819072539D-05  -.14120472316184D-06
  0.60682929589722D-05  0.49150019933034D-05  -.18093453251257D-04
  0.12652281266050D-04  0.17650666788842D-04  -.11811473100077D-04
  0.65962155657919D-05  0.11002713217116D-04  -.64944790356866D-06
  -.25260410833483D-04  -.75429418502398D-05  -.37375590750176D-04
  -.51782627854607D-05  -.13737936511795D-04  0.12039753380529D-04
  0.22572485889718D-04  0.64273590430589D-05  0.27672547572777D-04
  0.60245580110656D-05  0.16238020221650D-04  -.15199534119283D-04
  cycle =     14    SCF energy =     -851.7719971767   |dE/dxyz| =  0.000458
   -1.05357598197338      0.16914685140427     -3.10161621835306      y
   -2.07295791177674     -1.09755963664090      0.64312035732278      h
   -3.27269739263266      3.33956766231611     -6.25856163157884      c
   -5.21874637082604      2.58126765964091     -4.55939757410781      c
   -4.65628619704437      3.61849320311615     -2.14525249943935      c
   -2.36596800524388      5.00426602698708     -2.34272789659274      c
   -1.49918925619555      4.83286198825662     -4.88864536896149      c
   -0.78994429625703     -4.83093533145986     -3.96477609210602      c
    1.72183714412543     -3.91991026326797     -4.22329093858799      c
    1.81184146483706     -2.31197629889889     -6.38409027258599      c
   -0.65722355989066     -2.24287262974266     -7.45702888563739      c
   -2.26691124523348     -3.79285562509692     -5.95486726102564      c
    1.05444073419584     -0.16963298123653      3.10230853335622      y
    2.07492180100436      1.09276219451487     -0.64430390210949      h
    3.22240157363785     -3.36268874274341      6.27348247849462      c
    5.18875080663722     -2.61687482219033      4.59228395624862      c
    4.63835699706789     -3.64473540277671      2.17151257092544      c
    2.33506704701888     -5.01230142398746      2.34679522427824      c
    1.44849472714411     -4.83886360911152      4.88590987990915      c
    0.80719543567355      4.83807950363822      3.93039170567194      c
   -1.70222239774214      3.93292405000370      4.22678340954634      c
   -1.76786564066670      2.34031879503448      6.39971077585121      c
    0.71444043971887      2.27526156997160      7.44255846670489      c
    2.30763467211960      3.81213729651802      5.90941834495301      c
   -1.48010384685227     -6.09755043293493     -2.48993278839418      h
    3.31303134557914     -4.38110826673080     -3.00088700529201      h
    3.48968735804133     -1.36329820339421     -7.12383411181618      h
   -1.21067630672985     -1.21617029925336     -9.15785267552992      h
    5.78623850921043     -3.40570497514939      0.47464886856619      h
    6.83967454994318     -1.47879191940884      5.08374011587320      h
   -3.43782981722250      1.40021301231117      7.16765592352866      h
    1.48116328361086      6.09214939969235      2.43759973730921      h
   -3.30767500582916      4.38786961642291      3.02056189056639      h
    1.28774304554639      1.26106549440612      9.14430363030834      h
   -6.86467901189722      1.42924311987492     -5.03477415246790      h
   -1.43610961097068      6.03750499014627     -0.82412628547864      h
   -3.18136108461391      2.89107027137064     -8.26973793005192      h
   -5.78760580919813      3.37307890529268     -0.43826158217781      h
    1.40892403145801     -6.03435044221613      0.81830536493613      h
    3.11748677668784     -2.91698736359276      8.28466531692240      h
   -0.24776555717553     -5.73820516241806      5.64491659480288      h
    4.31920442946728      4.16268572607840      6.21707342531624      h
    0.18298801942209      5.74474932091915     -5.66394763287382      h
   -4.27412988617558     -4.14334282566495     -6.28983386622398      h
  0.10776371074335D-03  0.43672575893325D-04  0.84813631331631D-04
  0.56889714226802D-04  0.10593830356349D-03  -.29153783266749D-04
  0.53340898446628D-05  -.15155204258197D-04  0.11083223228053D-05
  -.69626473618740D-04  -.11873844860691D-04  -.23137095981346D-04
  -.46887613122499D-04  0.47337329684816D-04  0.23380175545690D-04
  0.12211734582789D-03  0.62677017937253D-04  -.24821147559548D-04
  0.53600202376840D-05  -.45410038949759D-04  -.35880968068193D-04
  -.19155166372982D-05  -.65544161788288D-04  -.17990805180851D-04
  0.10629808161424D-03  0.28406872875292D-04  -.17554731074495D-04
  -.35554187662159D-05  0.32882962995344D-04  0.76823540982473D-05
  0.53769893726075D-05  0.25193419475717D-04  0.69874694139674D-05
  -.41537375111877D-04  -.39632265369798D-04  -.20131638055885D-04
  -.14958126850729D-03  0.94565049269364D-05  -.69230605577971D-04
  -.32207503709256D-04  -.13861124474028D-03  0.10761443651360D-04
  -.14158400680102D-04  -.72375928459707D-06  0.82488751718045D-05
  0.64787613449609D-04  0.84715534533190D-05  0.29941588825106D-04
  0.38351228544435D-04  -.48477554246059D-04  -.16016733123788D-04
  -.11649296609113D-03  -.63694310063239D-04  0.19013164186122D-04
  -.50048978223600D-05  0.41015463671168D-04  0.60342369752974D-04
  0.53126035663600D-05  0.68996385262069D-04  0.73501885226416D-05
  -.99985555694041D-04  -.39707545181038D-04  0.11922248103942D-04
  0.13187083263311D-04  -.23521976489450D-04  -.21431793199589D-04
  -.53676099667948D-05  -.17809768777351D-04  -.85979992028208D-05
  0.52783335283542D-04  0.42621275756336D-04  0.29223634580787D-04
  0.14627943402372D-05  0.25952117643625D-05  0.39287693735829D-05
  -.22433240665388D-04  -.13398905938719D-04  0.22177078413487D-04
  0.21459699226009D-04  -.62568352668151D-05  0.24425261852602D-04
  0.11570292958790D-04  -.39704046871142D-05  -.56095479395647D-06
  -.67955690888837D-05  -.50104567590443D-05  0.12185694262317D-04
  -.20146561013129D-04  -.11009069132893D-04  0.23177069634109D-04
  -.14961296177434D-04  0.42675548120649D-05  -.12825271559978D-04
  0.26493453986893D-06  -.28694544333650D-06  -.24873579284757D-05
  0.19227432424466D-04  0.21008322388225D-04  -.19246576078251D-04
  -.12746622987961D-05  0.74564853595399D-05  -.10841259246859D-05
  0.20943716283701D-04  0.11503183119956D-04  -.25349355738140D-04
  -.14827509798581D-04  -.47777873459504D-05  0.11948258611756D-04
  0.22732568082307D-05  -.11321564606249D-04  -.19820223680891D-05
  0.13406942206552D-05  0.32979141834769D-05  -.13414377764484D-04
  0.10107055451782D-04  0.79293591632039D-05  -.41899187852268D-05
  0.70215267117935D-05  0.13725305987202D-04  0.23761072632809D-05
  -.30229740184988D-04  -.78163648790574D-05  -.32360700550415D-04
  -.13064447040690D-04  -.15518558824450D-04  0.18178233365036D-04
  0.29695635682207D-04  0.54534013233935D-05  0.24411711992223D-04
  0.13281973818314D-04  0.17020826199104D-04  -.22633743182579D-04
$end
