$dipgrad          cartesian dipole gradients
  0.20098149619191D+00  0.15703990842095D-17  0.00000000000000D+00
  0.43927128644608D-17  0.80693746262098D+00  0.18004532326837D-16
  0.00000000000000D+00  -.10245710529988D-16  0.36306106906542D+00
  0.20098149619191D+00  -.15703990842095D-17  0.00000000000000D+00
  -.43927128644608D-17  0.80693746262098D+00  -.18017237821046D-16
  0.00000000000000D+00  -.10077553314134D-15  0.36306106906542D+00
  -.61416513036192D-01  0.16093625997832D-18  -.83432745304549D-19
  -.34016843161733D-17  -.47023303749650D+00  0.89319624287966D-18
  -.32735176433419D-18  0.82373954120481D-19  0.46895741539256D-01
  -.61416513036193D-01  -.16093625997832D-18  0.83432745304549D-19
  0.34016843161733D-17  -.47023303749650D+00  0.89319624287966D-18
  0.32735176433419D-18  0.82373954120481D-19  0.46895741539256D-01
  -.69782491583507D-01  0.35575383784681D-19  -.63527471044073D-20
  0.32822526706104D-18  -.16835221256788D+00  0.53538287323617D-01
  0.48950563417418D-18  0.99646784042100D-01  -.20497840530798D+00
  -.69782491583507D-01  0.35575383784681D-19  0.63527471044073D-20
  0.32822526706104D-18  -.16835221256788D+00  -.53538287323617D-01
  -.48950563417418D-18  -.99646784042099D-01  -.20497840530798D+00
  -.69782491583507D-01  -.35575383784681D-19  -.63527471044073D-20
  -.32822526706104D-18  -.16835221256788D+00  -.53538287323617D-01
  0.48950563417418D-18  -.99646784042100D-01  -.20497840530798D+00
  -.69782491583507D-01  -.35575383784681D-19  0.63527471044073D-20
  -.32822526706104D-18  -.16835221256788D+00  0.53538287323617D-01
  -.48950563417418D-18  0.99646784042100D-01  -.20497840530798D+00
$end
