       mode               1        2        3        4        5        6

     frequency           0.00     0.00     0.00     0.00     0.00     0.00

        IR                -        -        -        -        -        - 
|dDIP/dQ|   (a.u.)     0.0000   0.0000   0.0000   0.0000   0.0000   0.0000
intensity (km/mol)       0.00     0.00     0.00     0.00     0.00     0.00
intensity (  %   )       0.00     0.00     0.00     0.00     0.00     0.00
 
       RAMAN              -        -        -        -        -        - 
 
  1   n           x   0.00000  0.00561  0.24187  0.19554  0.26892 -0.05161
                  y   0.00000  0.00807 -0.41358  0.19805  0.25862  0.23655
                  z   0.04726  0.72662  0.00232 -0.01975 -0.00000  0.00121
  2   n           x   0.00000  0.00679  0.29292  0.23681  0.19951 -0.06250
                  y   0.00000  0.01689 -0.03315  0.50561 -0.25862  0.15538
                  z   0.04726 -0.04157 -0.21582  0.15372 -0.00000 -0.63862
  3   h           x   0.00000  0.01240  0.53479  0.43234 -0.12934 -0.11411
                  y   0.00000  0.00505 -0.54399  0.09262  0.43593  0.26438
                  z  -0.65668  0.68505 -0.21349  0.13397  0.00000 -0.63742
  4   h           x   0.00000  0.00000  0.00000  0.00000  0.59776  0.00000
                  y   0.00000  0.01992  0.09726  0.61103 -0.43593  0.12756
                  z   0.75120  0.00000  0.00000  0.00000  0.00000  0.00000

reduced mass(g/mol)     1.066    7.899    5.727    6.379    4.204    7.436


       mode               7        8        9       10       11       12

     frequency        1330.11  1335.60  1555.90  1611.81  3126.32  3157.10

        IR               YES      YES      NO       NO       NO       YES
|dDIP/dQ|   (a.u.)     0.0070   0.0064   0.0000   0.0000   0.0000   0.0057
intensity (km/mol)      87.49    72.69     0.00     0.00     0.00    57.93
intensity (  %   )     100.00    83.08     0.00     0.00     0.00    66.21
 
       RAMAN             NO       NO       YES      YES      YES      NO 
 
  1   n           x   0.00000 -0.04638 -0.27792 -0.14436 -0.01734 -0.02062
                  y   0.00000  0.02062  0.12650 -0.06945 -0.04625 -0.04638
                  z   0.05075  0.00000 -0.00000 -0.00000  0.00000 -0.00000
  2   n           x   0.00000 -0.04638  0.27792  0.14436  0.01734 -0.02062
                  y   0.00000  0.02062 -0.12650  0.06945  0.04625 -0.04638
                  z   0.05075  0.00000  0.00000  0.00000  0.00000  0.00000
  3   h           x   0.00000  0.64444  0.58925 -0.66552  0.29053  0.28656
                  y   0.00000 -0.28656 -0.24402  0.17725  0.64277  0.64444
                  z  -0.70528  0.00000  0.00000  0.00000  0.00000 -0.00000
  4   h           x   0.00000  0.64444 -0.58925  0.66552 -0.29053  0.28656
                  y   0.00000 -0.28656  0.24402 -0.17725 -0.64277  0.64444
                  z  -0.70528  0.00000  0.00000  0.00000  0.00000  0.00000

reduced mass(g/mol)     1.075    1.075    3.432    1.675    1.071    1.075
