       mode               1        2        3        4        5        6

     frequency           0.00     0.00     0.00     0.00     0.00     0.00

        IR                -        -        -        -        -        - 
|dDIP/dQ|   (a.u.)     0.0000   0.0000   0.0000   0.0000   0.0000   0.0000
intensity (km/mol)       0.00     0.00     0.00     0.00     0.00     0.00
intensity (  %   )       0.00     0.00     0.00     0.00     0.00     0.00
 
       RAMAN              -        -        -        -        -        - 
 
  1   n           x  -0.01060  0.18562 -0.09119  0.35038  0.28002  0.01868
                  y   0.93635  0.06279 -0.00140 -0.03723  0.00000  0.04606
                  z   0.03957 -0.03897  0.05632 -0.10240  0.22680 -0.22889
  2   n           x   0.04453  0.13133 -0.01273  0.20773 -0.21421 -0.30018
                  y   0.20045 -0.35001  0.01413  0.25167 -0.00000 -0.01086
                  z   0.03957 -0.03897  0.05632 -0.10240  0.22680 -0.22889
  3   h           x   0.07164  0.10463  0.02585  0.13758 -0.45728 -0.45700
                  y  -0.09379 -0.85233 -0.67465 -0.02964 -0.00000 -0.33232
                  z   0.07914 -0.07795  0.11264 -0.20480 -0.12799 -0.45779
  4   h           x   0.07164  0.10463  0.02585  0.13758 -0.45728 -0.45700
                  y  -0.22916 -0.25373  0.71819  0.81713 -0.00000  0.25461
                  z   0.00000  0.00000  0.00000  0.00000  0.58158  0.00000

reduced mass(g/mol)    12.995    3.363    1.203    4.279    3.961    3.575


       mode               7        8        9       10       11       12

     frequency        1002.69  1304.82  1582.01  1725.45  2779.13  2886.60

        IR               YES      YES      YES      YES      YES      YES
|dDIP/dQ|   (a.u.)     0.0073   0.0026   0.0052   0.0024   0.0124   0.0100
intensity (km/mol)      93.66    12.28    47.56    10.08   273.47   179.36
intensity (  %   )      34.25     4.49    17.39     3.69   100.00    65.58
 
       RAMAN             YES      YES      YES      YES      YES      YES
 
  1   n           x  -0.00000  0.08563  0.00000  0.00000  0.00409  0.00000
                  y   0.04943  0.00000  0.00000 -0.00000  0.00000  0.00000
                  z   0.00000 -0.00000 -0.53084  0.00997  0.00000  0.02045
  2   n           x  -0.00000 -0.12394 -0.00000  0.00000 -0.09027  0.00000
                  y  -0.14992 -0.00000 -0.00000  0.00000 -0.00000 -0.00000
                  z   0.00000  0.00000  0.46611 -0.09702  0.00000  0.02840
  3   h           x  -0.00000  0.26622  0.21953  0.35977  0.59877  0.61984
                  y   0.69824 -0.00000 -0.00000  0.00000  0.00000  0.00000
                  z   0.00000  0.64636  0.44976  0.60482 -0.37066 -0.33939
  4   h           x  -0.00000  0.26622 -0.21953 -0.35977  0.59877 -0.61984
                  y   0.69824 -0.00000  0.00000 -0.00000 -0.00000 -0.00000
                  z   0.00000 -0.64636  0.44976  0.60482  0.37066 -0.33939

reduced mass(g/mol)     1.332    1.303    7.495    1.132    1.114    1.024
