       mode               1        2        3        4        5        6

     frequency           0.00     0.00     0.00     0.00     0.00     0.00

        IR                -        -        -        -        -        - 
|dDIP/dQ|   (a.u.)     0.0000   0.0000   0.0000   0.0000   0.0000   0.0000
intensity (km/mol)       0.00     0.00     0.00     0.00     0.00     0.00
intensity (  %   )       0.00     0.00     0.00     0.00     0.00     0.00
 
       RAMAN              -        -        -        -        -        - 
 
  1   n           x  -0.10358 -0.22197  0.09692  0.00844  0.30944 -0.02879
                  y  -0.37509  0.52762  0.04344  0.11871 -0.01502 -0.02312
                  z   0.26215  0.11419  0.21097  0.17983 -0.01627 -0.09611
  2   n           x  -0.10358 -0.22197  0.09692  0.00844  0.30944 -0.02879
                  y   0.17051  0.61654 -0.03297 -0.11871  0.27000  0.02312
                  z   0.06483  0.02824  0.05217  0.09114 -0.00402  0.44182
  3   h           x  -0.25680 -0.28871 -0.02639 -0.06043  0.31894  0.38893
                  y  -0.66221  0.05135  0.71612 -0.43527 -0.69425  0.08478
                  z   0.32698  0.14243  0.26315  0.20897 -0.02029 -0.27285
  4   h           x  -0.25680 -0.28871 -0.02639 -0.06043  0.31894  0.38893
                  y   0.24190  0.19869  0.58952 -0.82870 -0.22192  0.16141
                  z   0.00000  0.00000  0.00000  0.06200  0.00000  0.61856

reduced mass(g/mol)     4.442   11.029    1.905    1.905    4.451    3.701


       mode               7        8        9       10       11       12

     frequency        1263.78  1326.04  1537.72  1594.61  2966.22  3075.24

        IR               NO       YES      YES      YES      YES      YES
|dDIP/dQ|   (a.u.)     0.0000   0.0019   0.0050   0.0020   0.0087   0.0061
intensity (km/mol)       0.00     6.21    45.09     6.91   134.02    67.07
intensity (  %   )       0.00     4.63    33.65     5.15   100.00    50.04
 
       RAMAN             YES      YES      YES      YES      YES      YES
 
  1   n           x   0.00000 -0.04033  0.04794 -0.53850  0.02009 -0.01576
                  y   0.08373 -0.00000 -0.00000  0.00000  0.00000 -0.00000
                  z  -0.00000  0.01749 -0.09946  0.00050  0.04603 -0.04756
  2   n           x   0.00000  0.04033  0.04794  0.53850  0.02009  0.01576
                  y  -0.08373  0.00000  0.00000 -0.00000 -0.00000  0.00000
                  z  -0.00000  0.01749  0.09946  0.00050 -0.04603 -0.04756
  3   h           x   0.00000  0.66258 -0.66623 -0.45822 -0.27922  0.24649
                  y  -0.70213  0.00000 -0.00000 -0.00000 -0.00000  0.00000
                  z  -0.00000 -0.24301  0.20965 -0.00698 -0.64770  0.66086
  4   h           x   0.00000 -0.66258 -0.66623  0.45822 -0.27922 -0.24649
                  y   0.70213 -0.00000 -0.00000  0.00000  0.00000 -0.00000
                  z  -0.00000 -0.24301 -0.20965 -0.00698  0.64770  0.66086

reduced mass(g/mol)     1.190    1.058    1.325    8.547    1.074    1.073
