$energy      SCF               SCFKIN            SCFPOT
     1 -851.7168337870      790.4313745519     -1642.148208339
     2 -851.7168337874      790.4313721415     -1642.148205929
     3 -851.7179056911      790.6458224207     -1642.363728112
     4 -851.7183862223      790.7524920662     -1642.470878288
     5 -851.7187283495      790.7114139795     -1642.430142329
     6 -851.7188694388      790.6870694120     -1642.405938851
     7 -851.7189225551      790.6801568896     -1642.399079445
     8 -851.7189886149      790.6859835023     -1642.404972117
     9 -851.7190026665      790.6903363688     -1642.409339035
    10 -851.7190137450      790.6913272848     -1642.410341030
    11 -851.7190287743      790.6938337153     -1642.412862490
    12 -851.7190558922      790.6961378051     -1642.415193697
    13 -851.7190679892      790.6956846520     -1642.414752641
    14 -851.7190696098      790.6964940854     -1642.415563695
    15 -851.7190716048      790.6962447137     -1642.415316318
    16 -851.7190711002      790.6960990909     -1642.415170191
    17 -851.7190757895      790.6956266822     -1642.414702472
    18 -851.7190802702      790.6940388849     -1642.413119155
    19 -851.7190813229      790.6915061716     -1642.410587495
    20 -851.7190818899      790.6909954592     -1642.410077349
    21 -851.7190798331      790.6916674349     -1642.410747268
    22 -851.7190779116      790.6926531151     -1642.411731027
    23 -851.7190751176      790.6935320419     -1642.412607159
    24 -851.7190717487      790.6943306714     -1642.413402420
    25 -851.7190717448      790.6946888522     -1642.413760597
    26 -851.7190733436      790.6947222072     -1642.413795551
    27 -851.7190752328      790.6950852796     -1642.414160512
    28 -851.7190780419      790.6956612355     -1642.414739277
    29 -851.7190834877      790.6962125417     -1642.415296029
    30 -851.7190858083      790.6961377282     -1642.415223536
    31 -851.7190889144      790.6953028178     -1642.414391732
    32 -851.7190936454      790.6947639120     -1642.413857557
    33 -851.7190950291      790.6946420812     -1642.413737110
    34 -851.7190945913      790.6946959672     -1642.413790558
    35 -851.7190958841      790.6945542685     -1642.413650153
    36 -851.7190958018      790.6945949540     -1642.413690756
    37 -851.7190959888      790.6946497176     -1642.413745706
    38 -851.7190956622      790.6947543610     -1642.413850023
$end
