$coord
   -0.00000000000000      1.68266395664360      0.00000000000000      b
   -0.00000000000000     -1.68266395664360      0.00000000000000      b
    1.86356748754426      0.00000000000000      0.00000000000000      h
   -1.86356748754426      0.00000000000000      0.00000000000000      h
    0.00000000000000     -2.78017111193766      1.98428461227714      h
    0.00000000000000     -2.78017111193766     -1.98428461227714      h
    0.00000000000000      2.78017111193766      1.98428461227714      h
    0.00000000000000      2.78017111193766     -1.98428461227714      h
$user-defined bonds
$redundant
     number_of_atoms             8
     degrees_of_freedom         18
     internal_coordinates       18
     frozen_coordinates          0
# definitions of redundant internals
   1 k  1.0000000000000 stre    2    5           val=   2.26758
   2 k  1.0000000000000 stre    2    6           val=   2.26758
   3 k -0.5316900766269 bend    1    5    2      val=   0.00000
        0.5316900766269 bend    1    6    2
       -0.3296252890908 bend    4    5    2
        0.3296252890908 bend    4    6    2
       -0.3296252890908 bend    3    5    2
        0.3296252890908 bend    3    6    2
   4 k -0.7284831562578 bend    6    5    2      val=  40.71120
        0.3642415781289 bend    1    5    2
        0.3642415781289 bend    1    6    2
        0.2258143244864 bend    4    5    2
        0.2258143244864 bend    4    6    2
        0.2258143244864 bend    3    5    2
        0.2258143244864 bend    3    6    2
   5 k -0.5000000000000 bend    4    5    2      val=   0.00000
       -0.5000000000000 bend    4    6    2
        0.5000000000000 bend    3    5    2
        0.5000000000000 bend    3    6    2
   6 k -0.5000000000000 bend    4    5    2      val=   0.00000
        0.5000000000000 bend    4    6    2
        0.5000000000000 bend    3    5    2
       -0.5000000000000 bend    3    6    2
   7 k  1.0000000000000 stre    1    7           val=   2.26758
   8 k  1.0000000000000 stre    1    8           val=   2.26758
   9 k -0.5316900766269 bend    2    7    1      val=   0.00000
        0.5316900766269 bend    2    8    1
       -0.3296252890908 bend    4    7    1
        0.3296252890908 bend    4    8    1
       -0.3296252890908 bend    3    7    1
        0.3296252890908 bend    3    8    1
  10 k -0.7284831562578 bend    8    7    1      val=  40.71120
        0.3642415781289 bend    2    7    1
        0.3642415781289 bend    2    8    1
        0.2258143244864 bend    4    7    1
        0.2258143244864 bend    4    8    1
        0.2258143244864 bend    3    7    1
        0.2258143244864 bend    3    8    1
  11 k -0.5000000000000 bend    4    7    1      val=  -0.00000
       -0.5000000000000 bend    4    8    1
        0.5000000000000 bend    3    7    1
        0.5000000000000 bend    3    8    1
  12 k -0.5000000000000 bend    4    7    1      val=  -0.00000
        0.5000000000000 bend    4    8    1
        0.5000000000000 bend    3    7    1
       -0.5000000000000 bend    3    8    1
  13 k  1.0000000000000 stre    1    4           val=   2.51082
  14 k  1.0000000000000 stre    4    2           val=   2.51082
  15 k  1.0000000000000 stre    1    3           val=   2.51082
  16 k  1.0000000000000 stre    3    2           val=   2.51082
  17 k  1.0000000000000 tors    4    2    1    3 val= 180.00000
        1.0000000000000 tors    4    2    1    3
  18 k  1.0000000000000 stre    1    2           val=   3.36533
        18 non zero eigenvalues  of BmBt
           1           4.886549632    1    0
         1
           2           4.472719053    2    0
         2
           3           3.868117085    3    0
         3
           4           3.072974751    4    0
         4
           5           2.923750478    5    0
         5
           6           2.402256338    6    0
         6
           7           1.037349150    7    0
         7
           8           0.971419362    8    0
         8
           9           0.966238830    9    0
         9
          10           0.886901010   10    0
        10
          11           0.810961410   11    0
        11
          12           0.782451324   12    0
        12
          13           0.710689971   13    0
        13
          14           0.688235253   14    0
        14
          15           0.392877032   15    0
        15
          16           0.360951242   16    0
        16
          17           0.239464682   17    0
        17
          18           0.210873505   18    0
        18
$end
