$energy      SCF               SCFKIN            SCFPOT
     1   -53.26322751035    52.47286776745  -105.73609527780
     2   -53.26322750878    52.47286503748  -105.73609254626
     3   -53.26384807939    52.42998565383  -105.69383373322
     4   -53.26432106608    52.36678444976  -105.63110551584
     5   -53.26439010584    52.36187579854  -105.62626590438
     6   -53.26440163679    52.37010826042  -105.63450989722
     7   -53.26440499663    52.37022473287  -105.63462972950
     8   -53.26440545879    52.36948640940  -105.63389186819
     9   -53.26440543086    52.36944870191  -105.63385413277
    10   -53.26440543181    52.36944998817  -105.63385541998
    11   -53.26440543027    52.36944668792  -105.63385211819
$end
