$grad          cartesian gradients
  cycle =      2    SCF energy =      -53.2632275088   |dE/dxyz| =  0.022877
    0.00000000000000      1.63461309852102      0.00000000000000      b
    0.00000000000000     -1.63461309852102      0.00000000000000      b
    1.85193160294867      0.00000000000000      0.00000000000000      h
   -1.85193160294867      0.00000000000000      0.00000000000000      h
    0.00000000000000     -2.75900014316843      1.94641790922156      h
    0.00000000000000     -2.75900014316843     -1.94641790922156      h
    0.00000000000000      2.75900014316843      1.94641790922156      h
    0.00000000000000      2.75900014316843     -1.94641790922156      h
  0.00000000000000D+00  -.13255814709198D-01  0.00000000000000D+00
  0.00000000000000D+00  0.13255814709198D-01  0.00000000000000D+00
  -.50424187430434D-02  0.00000000000000D+00  0.00000000000000D+00
  0.50424187430435D-02  0.00000000000000D+00  0.00000000000000D+00
  0.00000000000000D+00  0.15402778061933D-02  -.52819839949262D-02
  0.00000000000000D+00  0.15402778061933D-02  0.52819839949262D-02
  0.00000000000000D+00  -.15402778061933D-02  -.52819839949262D-02
  0.00000000000000D+00  -.15402778061933D-02  0.52819839949262D-02
  cycle =      3    SCF energy =      -53.2638480794   |dE/dxyz| =  0.017119
    0.00000000000000      1.64882106254878      0.00000000000000      b
    0.00000000000000     -1.64882106254878      0.00000000000000      b
    1.85357993146037      0.00000000000000      0.00000000000000      h
   -1.85357993146037      0.00000000000000      0.00000000000000      h
    0.00000000000000     -2.77356849235634      1.95942859280803      h
    0.00000000000000     -2.77356849235634     -1.95942859280803      h
    0.00000000000000      2.77356849235634      1.95942859280803      h
    0.00000000000000      2.77356849235634     -1.95942859280803      h
  0.00000000000000D+00  -.10844111127385D-01  0.00000000000000D+00
  0.00000000000000D+00  0.10844111127385D-01  0.00000000000000D+00
  -.39201920065716D-02  0.00000000000000D+00  0.00000000000000D+00
  0.39201920065716D-02  0.00000000000000D+00  0.00000000000000D+00
  0.00000000000000D+00  0.69761545829716D-04  -.26033060358035D-02
  0.00000000000000D+00  0.69761545829716D-04  0.26033060358035D-02
  0.00000000000000D+00  -.69761545829716D-04  -.26033060358035D-02
  0.00000000000000D+00  -.69761545829716D-04  0.26033060358035D-02
  cycle =      4    SCF energy =      -53.2643210661   |dE/dxyz| =  0.008047
    0.00000000000000      1.67383635951317      0.00000000000000      b
    0.00000000000000     -1.67383635951317      0.00000000000000      b
    1.86119019600389      0.00000000000000      0.00000000000000      h
   -1.86119019600389      0.00000000000000      0.00000000000000      h
    0.00000000000000     -2.79291505275749      1.97875286861906      h
    0.00000000000000     -2.79291505275749     -1.97875286861906      h
    0.00000000000000      2.79291505275749      1.97875286861906      h
    0.00000000000000      2.79291505275749     -1.97875286861906      h
  0.00000000000000D+00  -.50825228843683D-02  0.00000000000000D+00
  0.00000000000000D+00  0.50825228843683D-02  0.00000000000000D+00
  -.10910362621483D-02  0.00000000000000D+00  0.00000000000000D+00
  0.10910362621484D-02  0.00000000000000D+00  0.00000000000000D+00
  0.00000000000000D+00  -.14684893115195D-02  0.72118968741963D-03
  0.00000000000000D+00  -.14684893115195D-02  -.72118968741963D-03
  0.00000000000000D+00  0.14684893115195D-02  0.72118968741963D-03
  0.00000000000000D+00  0.14684893115195D-02  -.72118968741963D-03
  cycle =      5    SCF energy =      -53.2643901058   |dE/dxyz| =  0.002132
    0.00000000000000      1.68267331679981      0.00000000000000      b
    0.00000000000000     -1.68267331679981      0.00000000000000      b
    1.86526052598019      0.00000000000000      0.00000000000000      h
   -1.86526052598019      0.00000000000000      0.00000000000000      h
    0.00000000000000     -2.79067442051939      1.98131436215637      h
    0.00000000000000     -2.79067442051939     -1.98131436215637      h
    0.00000000000000      2.79067442051939      1.98131436215637      h
    0.00000000000000      2.79067442051939     -1.98131436215637      h
  0.00000000000000D+00  -.96723723828757D-03  0.00000000000000D+00
  0.00000000000000D+00  0.96723723828759D-03  0.00000000000000D+00
  0.20638592551944D-03  0.00000000000000D+00  0.00000000000000D+00
  -.20638592551950D-03  0.00000000000000D+00  0.00000000000000D+00
  0.00000000000000D+00  -.76011951645916D-03  0.26388738963634D-03
  0.00000000000000D+00  -.76011951645916D-03  -.26388738963634D-03
  0.00000000000000D+00  0.76011951645916D-03  0.26388738963634D-03
  0.00000000000000D+00  0.76011951645916D-03  -.26388738963634D-03
  cycle =      6    SCF energy =      -53.2644016368   |dE/dxyz| =  0.000745
    0.00000000000000      1.68285890812878      0.00000000000000      b
    0.00000000000000     -1.68285890812878      0.00000000000000      b
    1.86431380709498      0.00000000000000      0.00000000000000      h
   -1.86431380709498      0.00000000000000      0.00000000000000      h
    0.00000000000000     -2.78447769664326      1.98098278574854      h
    0.00000000000000     -2.78447769664326     -1.98098278574854      h
    0.00000000000000      2.78447769664326      1.98098278574854      h
    0.00000000000000      2.78447769664326     -1.98098278574854      h
  0.00000000000000D+00  0.71425584731416D-04  0.00000000000000D+00
  0.00000000000000D+00  -.71425584731527D-04  0.00000000000000D+00
  0.10422015784642D-03  0.00000000000000D+00  0.00000000000000D+00
  -.10422015784639D-03  0.00000000000000D+00  0.00000000000000D+00
  0.00000000000000D+00  -.12165105040030D-03  -.34030600318102D-03
  0.00000000000000D+00  -.12165105040030D-03  0.34030600318102D-03
  0.00000000000000D+00  0.12165105040030D-03  -.34030600318102D-03
  0.00000000000000D+00  0.12165105040030D-03  0.34030600318102D-03
  cycle =      7    SCF energy =      -53.2644049966   |dE/dxyz| =  0.000269
    0.00000000000000      1.68272217158775      0.00000000000000      b
    0.00000000000000     -1.68272217158775      0.00000000000000      b
    1.86335240885221      0.00000000000000      0.00000000000000      h
   -1.86335240885221      0.00000000000000      0.00000000000000      h
    0.00000000000000     -2.78122079361891      1.98327438499103      h
    0.00000000000000     -2.78122079361891     -1.98327438499103      h
    0.00000000000000      2.78122079361891      1.98327438499103      h
    0.00000000000000      2.78122079361891     -1.98327438499103      h
  0.00000000000000D+00  0.40084596810791D-04  0.00000000000000D+00
  0.00000000000000D+00  -.40084596810958D-04  0.00000000000000D+00
  -.49852217624297D-04  0.00000000000000D+00  0.00000000000000D+00
  0.49852217624241D-04  0.00000000000000D+00  0.00000000000000D+00
  0.00000000000000D+00  -.11858324583947D-04  -.12628232427503D-03
  0.00000000000000D+00  -.11858324583947D-04  0.12628232427503D-03
  0.00000000000000D+00  0.11858324583947D-04  -.12628232427503D-03
  0.00000000000000D+00  0.11858324583947D-04  0.12628232427503D-03
  cycle =      8    SCF energy =      -53.2644054588   |dE/dxyz| =  0.000035
    0.00000000000000      1.68271238897321      0.00000000000000      b
    0.00000000000000     -1.68271238897321      0.00000000000000      b
    1.86346242776371      0.00000000000000      0.00000000000000      h
   -1.86346242776371      0.00000000000000      0.00000000000000      h
    0.00000000000000     -2.78026674703238      1.98425019988044      h
    0.00000000000000     -2.78026674703238     -1.98425019988044      h
    0.00000000000000      2.78026674703238      1.98425019988044      h
    0.00000000000000      2.78026674703238     -1.98425019988044      h
  0.00000000000000D+00  0.10464137500582D-04  0.00000000000000D+00
  0.00000000000000D+00  -.10464137500693D-04  0.00000000000000D+00
  -.21717539540250D-04  0.00000000000000D+00  0.00000000000000D+00
  0.21717539540250D-04  0.00000000000000D+00  0.00000000000000D+00
  0.00000000000000D+00  -.30246743953910D-05  -.30851671265486D-05
  0.00000000000000D+00  -.30246743953910D-05  0.30851671265486D-05
  0.00000000000000D+00  0.30246743953910D-05  -.30851671265486D-05
  0.00000000000000D+00  0.30246743953910D-05  0.30851671265486D-05
$end
