$hessian (projected)
 1  1   0.1921902008   0.0000000000   0.0000000000   0.0373904602   0.0000000000
 1  2   0.0000000000  -0.0752790224   0.0376593300   0.0000000000  -0.0752790224
 1  3  -0.0376593300   0.0000000000  -0.0089546518   0.0000000000   0.0000000000
 1  4  -0.0089546518   0.0000000000   0.0000000000  -0.0305566564   0.0000000000
 1  5   0.0000000000  -0.0305566564   0.0000000000   0.0000000000
 2  1   0.0000000000   0.3502276630   0.0000000000   0.0000000000  -0.0930360822
 2  2   0.0000000000   0.0302001033  -0.0449859854   0.0000000000  -0.0302001033
 2  3  -0.0449859854   0.0000000000   0.0000000000  -0.0034236539  -0.0033056815
 2  4   0.0000000000  -0.0034236539   0.0033056815   0.0000000000  -0.0801861512
 2  5  -0.0866315370   0.0000000000  -0.0801861512   0.0866315370
 3  1   0.0000000000   0.0000000000   0.4441482704   0.0000000000   0.0000000000
 3  2  -0.0358262500   0.0000000000   0.0000000000  -0.0108861370   0.0000000000
 3  3   0.0000000000  -0.0108861370   0.0000000000   0.0102314989   0.0013173754
 3  4   0.0000000000  -0.0102314989   0.0013173754   0.0000000000  -0.0812114195
 3  5  -0.1945922486   0.0000000000   0.0812114195  -0.1945922486
 4  1   0.0373904602   0.0000000000   0.0000000000   0.1921902008   0.0000000000
 4  2   0.0000000000  -0.0752790224  -0.0376593300   0.0000000000  -0.0752790224
 4  3   0.0376593300   0.0000000000  -0.0305566564   0.0000000000   0.0000000000
 4  4  -0.0305566564   0.0000000000   0.0000000000  -0.0089546518   0.0000000000
 4  5   0.0000000000  -0.0089546518   0.0000000000   0.0000000000
 5  1   0.0000000000  -0.0930360822   0.0000000000   0.0000000000   0.3502276630
 5  2   0.0000000000  -0.0302001033  -0.0449859854   0.0000000000   0.0302001033
 5  3  -0.0449859854   0.0000000000   0.0000000000  -0.0801861512   0.0866315370
 5  4   0.0000000000  -0.0801861512  -0.0866315370   0.0000000000  -0.0034236539
 5  5   0.0033056815   0.0000000000  -0.0034236539  -0.0033056815
 6  1   0.0000000000   0.0000000000  -0.0358262500   0.0000000000   0.0000000000
 6  2   0.4441482704   0.0000000000   0.0000000000  -0.0108861370   0.0000000000
 6  3   0.0000000000  -0.0108861370   0.0000000000   0.0812114195  -0.1945922486
 6  4   0.0000000000  -0.0812114195  -0.1945922486   0.0000000000  -0.0102314989
 6  5   0.0013173754   0.0000000000   0.0102314989   0.0013173754
 7  1  -0.0752790224   0.0302001033   0.0000000000  -0.0752790224  -0.0302001033
 7  2   0.0000000000   0.1596802765   0.0000000000   0.0000000000  -0.0213173139
 7  3   0.0000000000   0.0000000000   0.0030487705   0.0023712941  -0.0001969197
 7  4   0.0030487705   0.0023712941   0.0001969197   0.0030487705  -0.0023712941
 7  5  -0.0001969197   0.0030487705  -0.0023712941   0.0001969197
 8  1   0.0376593300  -0.0449859854   0.0000000000  -0.0376593300  -0.0449859854
 8  2   0.0000000000   0.0000000000   0.1142319982   0.0000000000   0.0000000000
 8  3  -0.0086281196   0.0000000000  -0.0091920715  -0.0039079770  -0.0001609735
 8  4  -0.0091920715  -0.0039079770   0.0001609735   0.0091920715  -0.0039079770
 8  5   0.0001609735   0.0091920715  -0.0039079770  -0.0001609735
 9  1   0.0000000000   0.0000000000  -0.0108861370   0.0000000000   0.0000000000
 9  2  -0.0108861370   0.0000000000   0.0000000000   0.0242766848   0.0000000000
 9  3   0.0000000000  -0.0037586592   0.0065824423   0.0050252765   0.0003135621
 9  4  -0.0065824423  -0.0050252765   0.0003135621   0.0065824423  -0.0050252765
 9  5   0.0003135621  -0.0065824423   0.0050252765   0.0003135621
10  1  -0.0752790224  -0.0302001033   0.0000000000  -0.0752790224   0.0302001033
10  2   0.0000000000  -0.0213173139   0.0000000000   0.0000000000   0.1596802765
10  3   0.0000000000   0.0000000000   0.0030487705  -0.0023712941   0.0001969197
10  4   0.0030487705  -0.0023712941  -0.0001969197   0.0030487705   0.0023712941
10  5   0.0001969197   0.0030487705   0.0023712941  -0.0001969197
11  1  -0.0376593300  -0.0449859854   0.0000000000   0.0376593300  -0.0449859854
11  2   0.0000000000   0.0000000000  -0.0086281196   0.0000000000   0.0000000000
11  3   0.1142319982   0.0000000000   0.0091920715  -0.0039079770  -0.0001609735
11  4   0.0091920715  -0.0039079770   0.0001609735  -0.0091920715  -0.0039079770
11  5   0.0001609735  -0.0091920715  -0.0039079770  -0.0001609735
12  1   0.0000000000   0.0000000000  -0.0108861370   0.0000000000   0.0000000000
12  2  -0.0108861370   0.0000000000   0.0000000000  -0.0037586592   0.0000000000
12  3   0.0000000000   0.0242766848  -0.0065824423   0.0050252765   0.0003135621
12  4   0.0065824423  -0.0050252765   0.0003135621  -0.0065824423  -0.0050252765
12  5   0.0003135621   0.0065824423   0.0050252765   0.0003135621
13  1  -0.0089546518   0.0000000000   0.0000000000  -0.0305566564   0.0000000000
13  2   0.0000000000   0.0030487705  -0.0091920715   0.0065824423   0.0030487705
13  3   0.0091920715  -0.0065824423   0.0245205997   0.0000000000   0.0000000000
13  4   0.0048849637   0.0000000000   0.0000000000  -0.0016317273   0.0000000000
13  5   0.0000000000   0.0056399310   0.0000000000   0.0000000000
14  1   0.0000000000  -0.0034236539   0.0102314989   0.0000000000  -0.0801861512
14  2   0.0812114195   0.0023712941  -0.0039079770   0.0050252765  -0.0023712941
14  3  -0.0039079770   0.0050252765   0.0000000000   0.0851539205  -0.0920391586
14  4   0.0000000000   0.0089133245  -0.0087275442   0.0000000000   0.0005463630
14  5  -0.0005172373   0.0000000000  -0.0031878489  -0.0002095314
15  1   0.0000000000  -0.0033056815   0.0013173754   0.0000000000   0.0866315370
15  2  -0.1945922486  -0.0001969197  -0.0001609735   0.0003135621   0.0001969197
15  3  -0.0001609735   0.0003135621   0.0000000000  -0.0920391586   0.1991681008
15  4   0.0000000000   0.0087275442  -0.0078576691   0.0000000000   0.0005172373
15  5   0.0005890932   0.0000000000  -0.0002095314   0.0007482242
16  1  -0.0089546518   0.0000000000   0.0000000000  -0.0305566564   0.0000000000
16  2   0.0000000000   0.0030487705  -0.0091920715  -0.0065824423   0.0030487705
16  3   0.0091920715   0.0065824423   0.0048849637   0.0000000000   0.0000000000
16  4   0.0245205997   0.0000000000   0.0000000000   0.0056399310   0.0000000000
16  5   0.0000000000  -0.0016317273   0.0000000000   0.0000000000
17  1   0.0000000000  -0.0034236539  -0.0102314989   0.0000000000  -0.0801861512
17  2  -0.0812114195   0.0023712941  -0.0039079770  -0.0050252765  -0.0023712941
17  3  -0.0039079770  -0.0050252765   0.0000000000   0.0089133245   0.0087275442
17  4   0.0000000000   0.0851539205   0.0920391586   0.0000000000  -0.0031878489
17  5   0.0002095314   0.0000000000   0.0005463630   0.0005172373
18  1   0.0000000000   0.0033056815   0.0013173754   0.0000000000  -0.0866315370
18  2  -0.1945922486   0.0001969197   0.0001609735   0.0003135621  -0.0001969197
18  3   0.0001609735   0.0003135621   0.0000000000  -0.0087275442  -0.0078576691
18  4   0.0000000000   0.0920391586   0.1991681008   0.0000000000   0.0002095314
18  5   0.0007482242   0.0000000000  -0.0005172373   0.0005890932
19  1  -0.0305566564   0.0000000000   0.0000000000  -0.0089546518   0.0000000000
19  2   0.0000000000   0.0030487705   0.0091920715   0.0065824423   0.0030487705
19  3  -0.0091920715  -0.0065824423  -0.0016317273   0.0000000000   0.0000000000
19  4   0.0056399310   0.0000000000   0.0000000000   0.0245205997   0.0000000000
19  5   0.0000000000   0.0048849637   0.0000000000   0.0000000000
20  1   0.0000000000  -0.0801861512  -0.0812114195   0.0000000000  -0.0034236539
20  2  -0.0102314989  -0.0023712941  -0.0039079770  -0.0050252765   0.0023712941
20  3  -0.0039079770  -0.0050252765   0.0000000000   0.0005463630   0.0005172373
20  4   0.0000000000  -0.0031878489   0.0002095314   0.0000000000   0.0851539205
20  5   0.0920391586   0.0000000000   0.0089133245   0.0087275442
21  1   0.0000000000  -0.0866315370  -0.1945922486   0.0000000000   0.0033056815
21  2   0.0013173754  -0.0001969197   0.0001609735   0.0003135621   0.0001969197
21  3   0.0001609735   0.0003135621   0.0000000000  -0.0005172373   0.0005890932
21  4   0.0000000000   0.0002095314   0.0007482242   0.0000000000   0.0920391586
21  5   0.1991681008   0.0000000000  -0.0087275442  -0.0078576691
22  1  -0.0305566564   0.0000000000   0.0000000000  -0.0089546518   0.0000000000
22  2   0.0000000000   0.0030487705   0.0091920715  -0.0065824423   0.0030487705
22  3  -0.0091920715   0.0065824423   0.0056399310   0.0000000000   0.0000000000
22  4  -0.0016317273   0.0000000000   0.0000000000   0.0048849637   0.0000000000
22  5   0.0000000000   0.0245205997   0.0000000000   0.0000000000
23  1   0.0000000000  -0.0801861512   0.0812114195   0.0000000000  -0.0034236539
23  2   0.0102314989  -0.0023712941  -0.0039079770   0.0050252765   0.0023712941
23  3  -0.0039079770   0.0050252765   0.0000000000  -0.0031878489  -0.0002095314
23  4   0.0000000000   0.0005463630  -0.0005172373   0.0000000000   0.0089133245
23  5  -0.0087275442   0.0000000000   0.0851539205  -0.0920391586
24  1   0.0000000000   0.0866315370  -0.1945922486   0.0000000000  -0.0033056815
24  2   0.0013173754   0.0001969197  -0.0001609735   0.0003135621  -0.0001969197
24  3  -0.0001609735   0.0003135621   0.0000000000  -0.0002095314   0.0007482242
24  4   0.0000000000   0.0005172373   0.0005890932   0.0000000000   0.0087275442
24  5  -0.0078576691   0.0000000000  -0.0920391586   0.1991681008
$end
