$vibrational normal modes
 1  1   0.2177361430   0.0926715790   0.1037963752  -0.0598197650  -0.0969334196
 1  2   0.2231868054  -0.0000000000   0.0000000000   0.0000000000   0.1563084155
 1  3  -0.0000000000   0.0000000000  -0.0742514624   0.0000000000   0.0000000000
 1  4  -0.0000000000   0.0000000000  -0.0370950283   0.0761413987  -0.0000000000
 1  5  -0.0000000000  -0.0000000000  -0.0000000000   0.0000000000
 2  1  -0.0707218890   0.0752400111  -0.1011493300  -0.2501216009   0.1199181138
 2  2   0.0385204942  -0.0000000000   0.3992912489  -0.0000000000  -0.0000000000
 2  3   0.0000000000   0.0000000000   0.0000000000  -0.0000000000  -0.0775223387
 2  4  -0.0742291796   0.0553656080   0.0000000000  -0.0000000000  -0.0197522699
 2  5   0.0446077036  -0.0499401714  -0.0000000000  -0.0000000000
 3  1   0.0234686809   0.0288447710   0.1798551161   0.0907047041   0.3553512138
 3  2   0.0094058432  -0.0049514751   0.0000000000  -0.0000000000  -0.0000000000
 3  3  -0.1423653737  -0.0700305928  -0.0000000000  -0.0000000000  -0.0000000000
 3  4  -0.0000000000  -0.0000000000  -0.0000000000  -0.0000000000  -0.0000000000
 3  5  -0.0000000000   0.0000000000  -0.0802149683  -0.0799693092
 4  1   0.3202141370  -0.1568226400  -0.0718610940  -0.1264609425   0.0809661918
 4  2  -0.0383915867   0.0000000000   0.0000000000  -0.0000000000  -0.1563084155
 4  3   0.0000000000   0.0000000000  -0.0742514624  -0.0000000000   0.0000000000
 4  4  -0.0000000000  -0.0000000000   0.0370950283   0.0761413987  -0.0000000000
 4  5  -0.0000000000  -0.0000000000  -0.0000000000   0.0000000000
 5  1  -0.0707218890   0.0752400111  -0.1011493300  -0.2501216009   0.1199181138
 5  2   0.0385204942  -0.0000000000  -0.3992912489   0.0000000000   0.0000000000
 5  3   0.0000000000  -0.0000000000  -0.0000000000   0.0000000000  -0.0775223387
 5  4   0.0742291796   0.0553656080   0.0000000000   0.0000000000   0.0197522699
 5  5   0.0446077036   0.0499401714   0.0000000000  -0.0000000000
 6  1   0.0954315892   0.1172925890  -0.2161746496   0.2522540032   0.1432768600
 6  2   0.0382473378  -0.0049514751   0.0000000000  -0.0000000000   0.0000000000
 6  3   0.1423653737  -0.0700305928  -0.0000000000   0.0000000000   0.0000000000
 6  4  -0.0000000000  -0.0000000000  -0.0000000000   0.0000000000  -0.0000000000
 6  5  -0.0000000000  -0.0000000000   0.0802149683  -0.0799693092
 7  1   0.2689751400  -0.0320755305   0.0159676406  -0.0931403538  -0.0079836139
 7  2   0.0923976093  -0.0000000000  -0.1297272577   0.0000000000  -0.0000000000
 7  3   0.0000000000   0.0000000000  -0.1689549347   0.0000000000  -0.0000000000
 7  4   0.0649924687  -0.0000000000  -0.0000000000  -0.6979678026  -0.7009646721
 7  5   0.0000000000  -0.0681580199  -0.0000000000   0.0000000000
 8  1  -0.0139741774  -0.0629186845  -0.1984205490  -0.2870244927   0.2184309304
 8  2  -0.1063298739  -0.0000000000  -0.0000000000   0.0000000000   0.0653434408
 8  3  -0.0000000000   0.0000000000  -0.0000000000   0.0000000000  -0.0050840482
 8  4   0.0000000000  -0.7008369819  -0.6886550719   0.0000000000   0.0000000000
 8  5  -0.0037834985  -0.0000000000  -0.0000000000   0.0000000000
 9  1   0.2696138706   0.3831622220   0.0854877614   0.0779099270   0.1553124087
 9  2  -0.2911845103   0.4365236990  -0.0000000000  -0.0000000000   0.0000000000
 9  3  -0.0000000000   0.5468723156  -0.0000000000  -0.5890483040   0.0000000000
 9  4   0.0000000000   0.0000000000  -0.0000000000  -0.0000000000  -0.0000000000
 9  5   0.0000000000   0.0000000000  -0.0000000000  -0.0097648565
10  1   0.2689751400  -0.0320755305   0.0159676406  -0.0931403538  -0.0079836139
10  2   0.0923976093   0.0000000000   0.1297272577   0.0000000000  -0.0000000000
10  3  -0.0000000000   0.0000000000  -0.1689549347   0.0000000000   0.0000000000
10  4  -0.0649924687  -0.0000000000  -0.0000000000  -0.6979678026   0.7009646721
10  5  -0.0000000000   0.0681580199   0.0000000000  -0.0000000000
11  1  -0.1274696007   0.2133987067  -0.0038781110  -0.2132187091   0.0214052971
11  2   0.1833708623  -0.0000000000  -0.0000000000  -0.0000000000  -0.0653434408
11  3   0.0000000000   0.0000000000   0.0000000000  -0.0000000000  -0.0050840482
11  4   0.0000000000  -0.7008369819   0.6886550719  -0.0000000000   0.0000000000
11  5  -0.0037834985  -0.0000000000  -0.0000000000   0.0000000000
12  1  -0.1507136005  -0.2370248620  -0.1218072949   0.2650487803   0.3433156651
12  2   0.3388376913   0.4365236990  -0.0000000000   0.0000000000  -0.0000000000
12  3  -0.0000000000   0.5468723156   0.0000000000   0.5890483040   0.0000000000
12  4   0.0000000000   0.0000000000   0.0000000000  -0.0000000000  -0.0000000000
12  5  -0.0000000000   0.0000000000  -0.0000000000  -0.0097648565
13  1   0.1298568523  -0.5683687771  -0.2395083921  -0.0485634761   0.2390739649
13  2   0.2117186817  -0.0000000000  -0.0000000000  -0.5000000000   0.4854368723
13  3  -0.0000000000  -0.0000000000   0.4826701515  -0.2766063046  -0.0000000000
13  4   0.0000000000  -0.0000000000   0.1104041458  -0.0593440557   0.0000000000
13  5   0.0000000000   0.0000000000   0.0000000000  -0.0000000000
14  1  -0.0282906920   0.1273911383  -0.3346587502  -0.1548679446  -0.0051264250
14  2   0.0555261874  -0.3434518976  -0.4021425187   0.0000000000  -0.0000000000
14  3  -0.4738312777   0.2959467696   0.0000000000  -0.0000000000   0.4182756289
14  4  -0.4140052902   0.0535060886   0.0000000000  -0.0000000000   0.0059374970
14  5  -0.2373286061  -0.2417165743   0.2425993614  -0.2421273474
15  1   0.1189002701   0.1461373600  -0.3453286318   0.3049387687   0.0741147674
15  2   0.0476531810  -0.1917082825   0.0122500301   0.0000000000  -0.0000000000
15  3  -0.1238949977   0.1021210206   0.0000000000  -0.0000000000   0.2683798018
15  4  -0.2715375179  -0.0042644550  -0.0000000000  -0.0000000000  -0.0639838596
15  5   0.4389453858   0.4335935072  -0.4335070118   0.4337385459
16  1   0.5774120594   0.0919924363  -0.0187852934  -0.2478247047   0.0388923395
16  2  -0.4591147430   0.0000000000   0.0000000000   0.5000000000   0.4854368723
16  3  -0.0000000000  -0.0000000000   0.4826701515   0.2766063046  -0.0000000000
16  4   0.0000000000  -0.0000000000   0.1104041458  -0.0593440557   0.0000000000
16  5   0.0000000000   0.0000000000   0.0000000000  -0.0000000000
17  1  -0.1131530860   0.0230888839   0.1323600903  -0.3453752572   0.2449626526
17  2   0.0215148010   0.3434518976  -0.4021425187  -0.0000000000   0.0000000000
17  3   0.4738312777  -0.2959467696  -0.0000000000   0.0000000000   0.4182756289
17  4  -0.4140052902   0.0535060886   0.0000000000  -0.0000000000   0.0059374970
17  5  -0.2373286061  -0.2417165743  -0.2425993614   0.2421273474
18  1   0.1189002701   0.1461373600  -0.3453286318   0.3049387687   0.0741147674
18  2   0.0476531810  -0.1917082825  -0.0122500301   0.0000000000  -0.0000000000
18  3  -0.1238949977   0.1021210206   0.0000000000  -0.0000000000  -0.2683798018
18  4   0.2715375179   0.0042644550   0.0000000000   0.0000000000   0.0639838596
18  5  -0.4389453858  -0.4335935072  -0.4335070118   0.4337385459
19  1  -0.0394617794  -0.1561434974   0.0507205746   0.0615439972  -0.0548595673
19  2   0.6439099617  -0.0000000000   0.0000000000   0.5000000000  -0.4854368723
19  3   0.0000000000  -0.0000000000   0.4826701515  -0.2766063046  -0.0000000000
19  4   0.0000000000   0.0000000000  -0.1104041458  -0.0593440557   0.0000000000
19  5  -0.0000000000  -0.0000000000   0.0000000000  -0.0000000000
20  1  -0.0282906920   0.1273911383  -0.3346587502  -0.1548679446  -0.0051264250
20  2   0.0555261874   0.3434518976   0.4021425187  -0.0000000000  -0.0000000000
20  3  -0.4738312777  -0.2959467696  -0.0000000000  -0.0000000000   0.4182756289
20  4   0.4140052902   0.0535060886   0.0000000000   0.0000000000  -0.0059374970
20  5  -0.2373286061   0.2417165743   0.2425993614   0.2421273474
21  1   0.0000000000   0.0000000000   0.3090090983   0.0380199386   0.4245133064
21  2  -0.0000000000  -0.1917082825   0.0122500301  -0.0000000000   0.0000000000
21  3   0.1238949977   0.1021210206   0.0000000000   0.0000000000  -0.2683798018
21  4  -0.2715375179   0.0042644550   0.0000000000  -0.0000000000  -0.0639838596
21  5  -0.4389453858   0.4335935072   0.4335070118   0.4337385459
22  1   0.4080934277   0.5042177161   0.2714436733  -0.1377172314  -0.2550411927
22  2  -0.0269234630  -0.0000000000  -0.0000000000  -0.5000000000  -0.4854368723
22  3   0.0000000000  -0.0000000000   0.4826701515   0.2766063046  -0.0000000000
22  4   0.0000000000   0.0000000000  -0.1104041458  -0.0593440557   0.0000000000
22  5  -0.0000000000   0.0000000000   0.0000000000   0.0000000000
23  1  -0.1131530860   0.0230888839   0.1323600903  -0.3453752572   0.2449626526
23  2   0.0215148010  -0.3434518976   0.4021425187   0.0000000000   0.0000000000
23  3   0.4738312777   0.2959467696   0.0000000000   0.0000000000   0.4182756289
23  4   0.4140052902   0.0535060886   0.0000000000   0.0000000000  -0.0059374970
23  5  -0.2373286061   0.2417165743  -0.2425993614  -0.2421273474
24  1   0.0000000000   0.0000000000   0.3090090983   0.0380199386   0.4245133064
24  2   0.0000000000  -0.1917082825  -0.0122500301   0.0000000000   0.0000000000
24  3   0.1238949977   0.1021210206   0.0000000000   0.0000000000   0.2683798018
24  4   0.2715375179  -0.0042644550  -0.0000000000   0.0000000000   0.0639838596
24  5   0.4389453858  -0.4335935072   0.4335070118   0.4337385459
$end
